x-axis,1,2
second,Volt,Volt
-1.320000E-03,,
-1.315000E-03,,
-1.310000E-03,-206.783917E-03,-190.703516E-03
-1.305000E-03,-205.025123E-03,-192.964822E-03
-1.300000E-03,-203.015073E-03,-190.954772E-03
-1.295000E-03,-205.025123E-03,-192.964822E-03
-1.290000E-03,-206.783917E-03,-190.954772E-03
-1.285000E-03,-205.025123E-03,-188.944722E-03
-1.280000E-03,-205.025123E-03,-192.964822E-03
-1.275000E-03,-207.035174E-03,-192.964822E-03
-1.270000E-03,-205.025123E-03,-192.964822E-03
-1.265000E-03,-205.025123E-03,-190.954772E-03
-1.260000E-03,-207.035174E-03,-192.964822E-03
-1.255000E-03,-205.025123E-03,-190.954772E-03
-1.250000E-03,-207.035174E-03,-190.703516E-03
-1.245000E-03,-205.025123E-03,-192.964822E-03
-1.240000E-03,-205.025123E-03,-190.954772E-03
-1.235000E-03,-205.025123E-03,-190.954772E-03
-1.230000E-03,-205.025123E-03,-192.964822E-03
-1.225000E-03,-206.783917E-03,-190.954772E-03
-1.220000E-03,-205.025123E-03,-190.954772E-03
-1.215000E-03,-205.025123E-03,-192.964822E-03
-1.210000E-03,-205.025123E-03,-190.954772E-03
-1.205000E-03,-205.025123E-03,-190.954772E-03
-1.200000E-03,-205.025123E-03,-192.964822E-03
-1.195000E-03,-207.035174E-03,-190.954772E-03
-1.190000E-03,-205.025123E-03,-192.964822E-03
-1.185000E-03,-205.025123E-03,-190.703516E-03
-1.180000E-03,-205.025123E-03,-192.964822E-03
-1.175000E-03,-207.035174E-03,-188.944722E-03
-1.170000E-03,-205.025123E-03,-192.964822E-03
-1.165000E-03,-205.025123E-03,-192.964822E-03
-1.160000E-03,-206.783917E-03,-192.964822E-03
-1.155000E-03,-205.025123E-03,-190.954772E-03
-1.150000E-03,-205.025123E-03,-192.964822E-03
-1.145000E-03,-205.025123E-03,-190.703516E-03
-1.140000E-03,-205.025123E-03,-192.964822E-03
-1.135000E-03,-205.025123E-03,-192.964822E-03
-1.130000E-03,-206.783917E-03,-188.944722E-03
-1.125000E-03,-205.025123E-03,-192.964822E-03
-1.120000E-03,-206.783917E-03,-192.964822E-03
-1.115000E-03,-205.025123E-03,-192.964822E-03
-1.110000E-03,-209.045224E-03,-190.954772E-03
-1.105000E-03,-207.035174E-03,-190.954772E-03
-1.100000E-03,-206.783917E-03,-188.944722E-03
-1.095000E-03,-207.035174E-03,-190.954772E-03
-1.090000E-03,-205.025123E-03,-192.964822E-03
-1.085000E-03,-205.025123E-03,-192.964822E-03
-1.080000E-03,-205.025123E-03,-192.964822E-03
-1.075000E-03,-206.783917E-03,-190.954772E-03
-1.070000E-03,-205.025123E-03,-190.954772E-03
-1.065000E-03,-205.025123E-03,-192.964822E-03
-1.060000E-03,-205.025123E-03,-192.964822E-03
-1.055000E-03,-205.025123E-03,-192.964822E-03
-1.050000E-03,-205.025123E-03,-190.703516E-03
-1.045000E-03,-205.025123E-03,-192.964822E-03
-1.040000E-03,-206.783917E-03,-188.944722E-03
-1.035000E-03,-205.025123E-03,-190.703516E-03
-1.030000E-03,-205.025123E-03,-188.944722E-03
-1.025000E-03,-205.025123E-03,-192.964822E-03
-1.020000E-03,-205.025123E-03,-190.954772E-03
-1.015000E-03,-205.025123E-03,-190.703516E-03
-1.010000E-03,-209.045224E-03,-192.964822E-03
-1.005000E-03,-205.025123E-03,-192.964822E-03
-1.000000E-03,-205.025123E-03,-188.944722E-03
-995.000E-06,-205.025123E-03,-190.703516E-03
-990.000E-06,-207.035174E-03,-190.954772E-03
-985.000E-06,-205.025123E-03,-190.703516E-03
-980.000E-06,-205.025123E-03,-192.964822E-03
-975.000E-06,-205.025123E-03,-190.954772E-03
-970.000E-06,-207.035174E-03,-188.944722E-03
-965.000E-06,-205.025123E-03,-190.954772E-03
-960.000E-06,-205.025123E-03,-190.954772E-03
-955.000E-06,-206.783917E-03,-192.964822E-03
-950.000E-06,-205.025123E-03,-190.954772E-03
-945.000E-06,-205.025123E-03,-192.964822E-03
-940.000E-06,-205.025123E-03,-192.964822E-03
-935.000E-06,-205.025123E-03,-188.944722E-03
-930.000E-06,-205.025123E-03,-190.703516E-03
-925.000E-06,-207.035174E-03,-192.964822E-03
-920.000E-06,-207.035174E-03,-190.703516E-03
-915.000E-06,-207.035174E-03,-192.964822E-03
-910.000E-06,-205.025123E-03,-192.964822E-03
-905.000E-06,-205.025123E-03,-192.964822E-03
-900.000E-06,-205.025123E-03,-188.944722E-03
-895.000E-06,-206.783917E-03,-190.954772E-03
-890.000E-06,-205.025123E-03,-190.703516E-03
-885.000E-06,-205.025123E-03,-192.964822E-03
-880.000E-06,-206.783917E-03,-188.944722E-03
-875.000E-06,-207.035174E-03,-192.964822E-03
-870.000E-06,-205.025123E-03,-190.954772E-03
-865.000E-06,-209.045224E-03,-190.954772E-03
-860.000E-06,-205.025123E-03,-192.964822E-03
-855.000E-06,-205.025123E-03,-192.964822E-03
-850.000E-06,-205.025123E-03,-190.703516E-03
-845.000E-06,-207.035174E-03,-190.703516E-03
-840.000E-06,-205.025123E-03,-190.703516E-03
-835.000E-06,-205.025123E-03,-190.703516E-03
-830.000E-06,-205.025123E-03,-190.954772E-03
-825.000E-06,-205.025123E-03,-192.964822E-03
-820.000E-06,-206.783917E-03,-188.944722E-03
-815.000E-06,-205.025123E-03,-190.703516E-03
-810.000E-06,-205.025123E-03,-192.964822E-03
-805.000E-06,-207.035174E-03,-192.964822E-03
-800.000E-06,-205.025123E-03,-192.964822E-03
-795.000E-06,-205.025123E-03,-190.703516E-03
-790.000E-06,-205.025123E-03,-190.703516E-03
-785.000E-06,-205.025123E-03,-190.703516E-03
-780.000E-06,-205.025123E-03,-192.964822E-03
-775.000E-06,-206.783917E-03,-190.703516E-03
-770.000E-06,-205.025123E-03,-190.703516E-03
-765.000E-06,-205.025123E-03,-192.964822E-03
-760.000E-06,-206.783917E-03,-190.954772E-03
-755.000E-06,-205.025123E-03,-190.954772E-03
-750.000E-06,-206.783917E-03,-188.944722E-03
-745.000E-06,-205.025123E-03,-190.703516E-03
-740.000E-06,-205.025123E-03,-192.964822E-03
-735.000E-06,-205.025123E-03,-190.703516E-03
-730.000E-06,-205.025123E-03,-188.944722E-03
-725.000E-06,-205.025123E-03,-192.964822E-03
-720.000E-06,-206.783917E-03,-192.964822E-03
-715.000E-06,-205.025123E-03,-190.954772E-03
-710.000E-06,-205.025123E-03,-188.944722E-03
-705.000E-06,-206.783917E-03,-192.964822E-03
-700.000E-06,-207.035174E-03,-190.954772E-03
-695.000E-06,-205.025123E-03,-192.964822E-03
-690.000E-06,-205.025123E-03,-190.703516E-03
-685.000E-06,-205.025123E-03,-190.703516E-03
-680.000E-06,-205.025123E-03,-190.954772E-03
-675.000E-06,-205.025123E-03,-190.703516E-03
-670.000E-06,-207.035174E-03,-190.703516E-03
-665.000E-06,-205.025123E-03,-188.944722E-03
-660.000E-06,-205.025123E-03,-192.964822E-03
-655.000E-06,-205.025123E-03,-192.964822E-03
-650.000E-06,-206.783917E-03,-192.964822E-03
-645.000E-06,-205.025123E-03,-192.964822E-03
-640.000E-06,-205.025123E-03,-192.964822E-03
-635.000E-06,-202.763817E-03,-192.964822E-03
-630.000E-06,-205.025123E-03,-192.964822E-03
-625.000E-06,-206.783917E-03,-188.944722E-03
-620.000E-06,-205.025123E-03,-190.954772E-03
-615.000E-06,-205.025123E-03,-192.964822E-03
-610.000E-06,-207.035174E-03,-188.944722E-03
-605.000E-06,-205.025123E-03,-192.964822E-03
-600.000E-06,-205.025123E-03,-192.964822E-03
-595.000E-06,-205.025123E-03,-192.964822E-03
-590.000E-06,-205.025123E-03,-192.964822E-03
-585.000E-06,-205.025123E-03,-192.964822E-03
-580.000E-06,-207.035174E-03,-190.703516E-03
-575.000E-06,-205.025123E-03,-190.703516E-03
-570.000E-06,-205.025123E-03,-190.703516E-03
-565.000E-06,-205.025123E-03,-192.964822E-03
-560.000E-06,-205.025123E-03,-192.964822E-03
-555.000E-06,-205.025123E-03,-192.964822E-03
-550.000E-06,-206.783917E-03,-188.944722E-03
-545.000E-06,-207.035174E-03,-188.944722E-03
-540.000E-06,-205.025123E-03,-188.944722E-03
-535.000E-06,-206.783917E-03,-188.944722E-03
-530.000E-06,-205.025123E-03,-192.964822E-03
-525.000E-06,-205.025123E-03,-190.703516E-03
-520.000E-06,-207.035174E-03,-192.964822E-03
-515.000E-06,-203.015073E-03,-192.964822E-03
-510.000E-06,-206.783917E-03,-192.964822E-03
-505.000E-06,-205.025123E-03,-192.964822E-03
-500.000E-06,-207.035174E-03,-192.964822E-03
-495.000E-06,-207.035174E-03,-190.954772E-03
-490.000E-06,-202.763817E-03,-190.703516E-03
-485.000E-06,-205.025123E-03,-192.964822E-03
-480.000E-06,-207.035174E-03,-192.964822E-03
-475.000E-06,-205.025123E-03,-190.954772E-03
-470.000E-06,-205.025123E-03,-190.703516E-03
-465.000E-06,-205.025123E-03,-192.964822E-03
-460.000E-06,-205.025123E-03,-192.964822E-03
-455.000E-06,-206.783917E-03,-190.954772E-03
-450.000E-06,-205.025123E-03,-192.964822E-03
-445.000E-06,-206.783917E-03,-192.964822E-03
-440.000E-06,-205.025123E-03,-192.964822E-03
-435.000E-06,-205.025123E-03,-190.703516E-03
-430.000E-06,-205.025123E-03,-188.944722E-03
-425.000E-06,-205.025123E-03,-192.964822E-03
-420.000E-06,-205.025123E-03,-192.964822E-03
-415.000E-06,-205.025123E-03,-188.944722E-03
-410.000E-06,-205.025123E-03,-192.964822E-03
-405.000E-06,-206.783917E-03,-190.954772E-03
-400.000E-06,-207.035174E-03,-190.954772E-03
-395.000E-06,-206.783917E-03,-188.944722E-03
-390.000E-06,-205.025123E-03,-192.964822E-03
-385.000E-06,-205.025123E-03,-190.703516E-03
-380.000E-06,-205.025123E-03,-192.964822E-03
-375.000E-06,-205.025123E-03,-190.703516E-03
-370.000E-06,-205.025123E-03,-188.944722E-03
-365.000E-06,-205.025123E-03,-190.954772E-03
-360.000E-06,-206.783917E-03,-192.964822E-03
-355.000E-06,-205.025123E-03,-188.944722E-03
-350.000E-06,-205.025123E-03,-190.954772E-03
-345.000E-06,-205.025123E-03,-190.954772E-03
-340.000E-06,-206.783917E-03,-190.954772E-03
-335.000E-06,-209.045224E-03,-190.703516E-03
-330.000E-06,-205.025123E-03,-192.964822E-03
-325.000E-06,-205.025123E-03,-192.964822E-03
-320.000E-06,-206.783917E-03,-192.964822E-03
-315.000E-06,-205.025123E-03,-190.703516E-03
-310.000E-06,-205.025123E-03,-188.944722E-03
-305.000E-06,-206.783917E-03,-188.944722E-03
-300.000E-06,-205.025123E-03,-188.944722E-03
-295.000E-06,-205.025123E-03,-188.944722E-03
-290.000E-06,-205.025123E-03,-190.703516E-03
-285.000E-06,-205.025123E-03,-192.964822E-03
-280.000E-06,-205.025123E-03,-190.954772E-03
-275.000E-06,-205.025123E-03,-188.944722E-03
-270.000E-06,-205.025123E-03,-188.944722E-03
-265.000E-06,-205.025123E-03,-190.703516E-03
-260.000E-06,-205.025123E-03,-192.964822E-03
-255.000E-06,-205.025123E-03,-188.944722E-03
-250.000E-06,-205.025123E-03,-192.964822E-03
-245.000E-06,-205.025123E-03,-192.964822E-03
-240.000E-06,-205.025123E-03,-192.964822E-03
-235.000E-06,-205.025123E-03,-188.944722E-03
-230.000E-06,-205.025123E-03,-190.954772E-03
-225.000E-06,-205.025123E-03,-190.954772E-03
-220.000E-06,-205.025123E-03,-190.703516E-03
-215.000E-06,-205.025123E-03,-190.703516E-03
-210.000E-06,-205.025123E-03,-192.964822E-03
-205.000E-06,-206.783917E-03,-188.944722E-03
-200.000E-06,-205.025123E-03,-192.964822E-03
-195.000E-06,-205.025123E-03,-190.954772E-03
-190.000E-06,-205.025123E-03,-192.964822E-03
-185.000E-06,-205.025123E-03,-188.944722E-03
-180.000E-06,-205.025123E-03,-192.964822E-03
-175.000E-06,-205.025123E-03,-188.944722E-03
-170.000E-06,-205.025123E-03,-190.954772E-03
-165.000E-06,-205.025123E-03,-190.703516E-03
-160.000E-06,-205.025123E-03,-190.703516E-03
-155.000E-06,-205.025123E-03,-188.944722E-03
-150.000E-06,-207.035174E-03,-190.703516E-03
-145.000E-06,-205.025123E-03,-192.964822E-03
-140.000E-06,-205.025123E-03,-192.964822E-03
-135.000E-06,-205.025123E-03,-190.954772E-03
-130.000E-06,-205.025123E-03,-190.703516E-03
-125.000E-06,-205.025123E-03,-192.964822E-03
-120.000E-06,-206.783917E-03,-190.954772E-03
-115.000E-06,-205.025123E-03,-188.944722E-03
-110.000E-06,-205.025123E-03,-190.703516E-03
-105.000E-06,-205.025123E-03,-190.954772E-03
-100.000E-06,-206.783917E-03,-192.964822E-03
-95.000E-06,-205.025123E-03,-188.944722E-03
-90.000E-06,-205.025123E-03,-192.964822E-03
-85.000E-06,-205.025123E-03,-192.964822E-03
-80.000E-06,-205.025123E-03,-190.703516E-03
-75.000E-06,-206.783917E-03,-192.964822E-03
-70.000E-06,-205.025123E-03,-192.964822E-03
-65.000E-06,-205.025123E-03,-192.964822E-03
-60.000E-06,-205.025123E-03,-190.954772E-03
-55.000E-06,-205.025123E-03,-190.954772E-03
-50.000E-06,-205.025123E-03,-192.964822E-03
-45.000E-06,-205.025123E-03,-190.954772E-03
-40.000E-06,-205.025123E-03,-190.703516E-03
-35.000E-06,-205.025123E-03,-190.954772E-03
-30.000E-06,-206.783917E-03,-190.703516E-03
-25.000E-06,-206.783917E-03,-192.964822E-03
-20.000E-06,-205.025123E-03,-190.954772E-03
-15.000E-06,-205.025123E-03,-192.964822E-03
-10.000E-06,-205.025123E-03,-190.954772E-03
-5.000E-06,-207.035174E-03,-192.964822E-03
+0.0E+00,+192.964822E-03,-190.703516E-03
+5.000E-06,+196.984923E-03,-192.964822E-03
+10.000E-06,+196.984923E-03,-192.964822E-03
+15.000E-06,+198.743716E-03,-188.944722E-03
+20.000E-06,+198.743716E-03,-188.944722E-03
+25.000E-06,+201.005023E-03,-188.944722E-03
+30.000E-06,+201.005023E-03,-186.934671E-03
+35.000E-06,+201.005023E-03,-188.944722E-03
+40.000E-06,+198.994973E-03,-184.924621E-03
+45.000E-06,+198.994973E-03,-180.904521E-03
+50.000E-06,+196.984923E-03,-178.894470E-03
+55.000E-06,+201.005023E-03,-176.884420E-03
+60.000E-06,+198.994973E-03,-172.864320E-03
+65.000E-06,+201.005023E-03,-168.844219E-03
+70.000E-06,+198.743716E-03,-168.844219E-03
+75.000E-06,+196.984923E-03,-164.824119E-03
+80.000E-06,+198.994973E-03,-160.804018E-03
+85.000E-06,+201.005023E-03,-156.783918E-03
+90.000E-06,+201.005023E-03,-150.502511E-03
+95.000E-06,+201.005023E-03,-148.743717E-03
+100.000E-06,+198.743716E-03,-144.723617E-03
+105.000E-06,+201.005023E-03,-138.442210E-03
+110.000E-06,+198.743716E-03,-132.663315E-03
+115.000E-06,+201.005023E-03,-130.402009E-03
+120.000E-06,+198.743716E-03,-124.623114E-03
+125.000E-06,+201.005023E-03,-118.341707E-03
+130.000E-06,+201.005023E-03,-116.582913E-03
+135.000E-06,+198.994973E-03,-108.542712E-03
+140.000E-06,+201.005023E-03,-104.522612E-03
+145.000E-06,+201.005023E-03,-96.482411E-03
+150.000E-06,+201.005023E-03,-92.462311E-03
+155.000E-06,+201.005023E-03,-84.422110E-03
+160.000E-06,+201.005023E-03,-80.402009E-03
+165.000E-06,+201.005023E-03,-74.120602E-03
+170.000E-06,+201.005023E-03,-68.341708E-03
+175.000E-06,+201.005023E-03,-64.321607E-03
+180.000E-06,+201.005023E-03,-56.281406E-03
+185.000E-06,+201.005023E-03,-52.261306E-03
+190.000E-06,+201.005023E-03,-45.979899E-03
+195.000E-06,+198.994973E-03,-38.190954E-03
+200.000E-06,+198.743716E-03,-32.160804E-03
+205.000E-06,+201.005023E-03,-25.879397E-03
+210.000E-06,+198.994973E-03,-20.100502E-03
+215.000E-06,+198.743716E-03,-16.080402E-03
+220.000E-06,+201.005023E-03,-9.798995E-03
+225.000E-06,+201.005023E-03,-4.020100E-03
+230.000E-06,+201.005023E-03,+2.010050E-03
+235.000E-06,+201.005023E-03,+8.040201E-03
+240.000E-06,+201.005023E-03,+12.060301E-03
+245.000E-06,+198.994973E-03,+18.090452E-03
+250.000E-06,+201.005023E-03,+24.120603E-03
+255.000E-06,+201.005023E-03,+29.899497E-03
+260.000E-06,+198.994973E-03,+36.180904E-03
+265.000E-06,+198.743716E-03,+40.201005E-03
+270.000E-06,+198.994973E-03,+46.231155E-03
+275.000E-06,+201.005023E-03,+52.261306E-03
+280.000E-06,+201.005023E-03,+58.040200E-03
+285.000E-06,+201.005023E-03,+62.311557E-03
+290.000E-06,+201.005023E-03,+68.341708E-03
+295.000E-06,+198.743716E-03,+74.371858E-03
+300.000E-06,+198.743716E-03,+76.381909E-03
+305.000E-06,+201.005023E-03,+82.412059E-03
+310.000E-06,+201.005023E-03,+88.442210E-03
+315.000E-06,+198.743716E-03,+94.472361E-03
+320.000E-06,+201.005023E-03,+98.241205E-03
+325.000E-06,+201.005023E-03,+102.512562E-03
+330.000E-06,+201.005023E-03,+106.532662E-03
+335.000E-06,+198.994973E-03,+112.562813E-03
+340.000E-06,+201.005023E-03,+116.582913E-03
+345.000E-06,+201.005023E-03,+120.603014E-03
+350.000E-06,+196.984923E-03,+124.623114E-03
+355.000E-06,+201.005023E-03,+128.643215E-03
+360.000E-06,+198.994973E-03,+132.663315E-03
+365.000E-06,+198.743716E-03,+136.683416E-03
+370.000E-06,+196.984923E-03,+140.703516E-03
+375.000E-06,+201.005023E-03,+142.462310E-03
+380.000E-06,+201.005023E-03,+148.743717E-03
+385.000E-06,+201.005023E-03,+150.753767E-03
+390.000E-06,+198.994973E-03,+156.783918E-03
+395.000E-06,+201.005023E-03,+156.783918E-03
+400.000E-06,+198.994973E-03,+162.814069E-03
+405.000E-06,+201.005023E-03,+164.824119E-03
+410.000E-06,+201.005023E-03,+166.834169E-03
+415.000E-06,+201.005023E-03,+172.864320E-03
+420.000E-06,+201.005023E-03,+172.864320E-03
+425.000E-06,+201.005023E-03,+174.623114E-03
+430.000E-06,+196.984923E-03,+176.884420E-03
+435.000E-06,+196.984923E-03,+180.904521E-03
+440.000E-06,+201.005023E-03,+180.904521E-03
+445.000E-06,+198.994973E-03,+184.924621E-03
+450.000E-06,+201.005023E-03,+188.944722E-03
+455.000E-06,+198.994973E-03,+188.944722E-03
+460.000E-06,+201.005023E-03,+190.703516E-03
+465.000E-06,+198.743716E-03,+192.964822E-03
+470.000E-06,+201.005023E-03,+192.964822E-03
+475.000E-06,+201.005023E-03,+196.984923E-03
+480.000E-06,+196.984923E-03,+198.743716E-03
+485.000E-06,+201.005023E-03,+198.743716E-03
+490.000E-06,+198.994973E-03,+201.005023E-03
+495.000E-06,+198.994973E-03,+205.025123E-03
+500.000E-06,+201.005023E-03,+205.025123E-03
+505.000E-06,+198.994973E-03,+206.783917E-03
+510.000E-06,+201.005023E-03,+207.035174E-03
+515.000E-06,+198.743716E-03,+209.045224E-03
+520.000E-06,+198.743716E-03,+209.045224E-03
+525.000E-06,+201.005023E-03,+209.045224E-03
+530.000E-06,+196.984923E-03,+209.045224E-03
+535.000E-06,+198.994973E-03,+209.045224E-03
+540.000E-06,+198.743716E-03,+211.055274E-03
+545.000E-06,+198.743716E-03,+211.055274E-03
+550.000E-06,+198.743716E-03,+213.065324E-03
+555.000E-06,+201.005023E-03,+213.065324E-03
+560.000E-06,+198.994973E-03,+211.055274E-03
+565.000E-06,+198.743716E-03,+213.065324E-03
+570.000E-06,+196.984923E-03,+213.065324E-03
+575.000E-06,+201.005023E-03,+214.824118E-03
+580.000E-06,+201.005023E-03,+213.065324E-03
+585.000E-06,+196.984923E-03,+213.065324E-03
+590.000E-06,+201.005023E-03,+213.065324E-03
+595.000E-06,+201.005023E-03,+214.824118E-03
+600.000E-06,+201.005023E-03,+213.065324E-03
+605.000E-06,+198.743716E-03,+213.065324E-03
+610.000E-06,+198.743716E-03,+213.065324E-03
+615.000E-06,+198.994973E-03,+214.824118E-03
+620.000E-06,+198.994973E-03,+213.065324E-03
+625.000E-06,+201.005023E-03,+213.065324E-03
+630.000E-06,+198.743716E-03,+213.065324E-03
+635.000E-06,+198.743716E-03,+213.065324E-03
+640.000E-06,+198.994973E-03,+213.065324E-03
+645.000E-06,+201.005023E-03,+213.065324E-03
+650.000E-06,+201.005023E-03,+213.065324E-03
+655.000E-06,+196.984923E-03,+213.065324E-03
+660.000E-06,+198.743716E-03,+213.065324E-03
+665.000E-06,+198.994973E-03,+210.804018E-03
+670.000E-06,+198.743716E-03,+209.045224E-03
+675.000E-06,+198.743716E-03,+209.045224E-03
+680.000E-06,+201.005023E-03,+209.045224E-03
+685.000E-06,+196.984923E-03,+206.783917E-03
+690.000E-06,+198.994973E-03,+209.045224E-03
+695.000E-06,+201.005023E-03,+205.025123E-03
+700.000E-06,+201.005023E-03,+209.045224E-03
+705.000E-06,+196.984923E-03,+205.025123E-03
+710.000E-06,+198.743716E-03,+205.025123E-03
+715.000E-06,+196.984923E-03,+205.025123E-03
+720.000E-06,+198.743716E-03,+205.025123E-03
+725.000E-06,+198.743716E-03,+201.005023E-03
+730.000E-06,+198.743716E-03,+201.005023E-03
+735.000E-06,+201.005023E-03,+201.005023E-03
+740.000E-06,+201.005023E-03,+201.005023E-03
+745.000E-06,+196.984923E-03,+198.743716E-03
+750.000E-06,+198.994973E-03,+201.005023E-03
+755.000E-06,+198.994973E-03,+196.984923E-03
+760.000E-06,+198.743716E-03,+196.984923E-03
+765.000E-06,+198.994973E-03,+196.984923E-03
+770.000E-06,+198.994973E-03,+196.984923E-03
+775.000E-06,+201.005023E-03,+196.984923E-03
+780.000E-06,+198.743716E-03,+194.974872E-03
+785.000E-06,+198.994973E-03,+192.964822E-03
+790.000E-06,+198.743716E-03,+192.964822E-03
+795.000E-06,+196.984923E-03,+192.964822E-03
+800.000E-06,+198.743716E-03,+190.703516E-03
+805.000E-06,+198.994973E-03,+192.964822E-03
+810.000E-06,+198.743716E-03,+192.964822E-03
+815.000E-06,+198.743716E-03,+188.944722E-03
+820.000E-06,+201.005023E-03,+188.944722E-03
+825.000E-06,+196.984923E-03,+188.944722E-03
+830.000E-06,+198.743716E-03,+188.944722E-03
+835.000E-06,+198.994973E-03,+186.683415E-03
+840.000E-06,+198.994973E-03,+184.924621E-03
+845.000E-06,+198.994973E-03,+184.924621E-03
+850.000E-06,+198.994973E-03,+184.924621E-03
+855.000E-06,+201.005023E-03,+184.924621E-03
+860.000E-06,+201.005023E-03,+182.914571E-03
+865.000E-06,+198.743716E-03,+182.914571E-03
+870.000E-06,+196.984923E-03,+182.914571E-03
+875.000E-06,+198.743716E-03,+180.904521E-03
+880.000E-06,+196.984923E-03,+180.904521E-03
+885.000E-06,+196.984923E-03,+176.884420E-03
+890.000E-06,+201.005023E-03,+180.904521E-03
+895.000E-06,+201.005023E-03,+180.904521E-03
+900.000E-06,+198.994973E-03,+178.643214E-03
+905.000E-06,+196.984923E-03,+178.894470E-03
+910.000E-06,+196.984923E-03,+178.643214E-03
+915.000E-06,+198.743716E-03,+176.884420E-03
+920.000E-06,+198.743716E-03,+176.884420E-03
+925.000E-06,+201.005023E-03,+176.884420E-03
+930.000E-06,+198.743716E-03,+176.884420E-03
+935.000E-06,+198.743716E-03,+174.623114E-03
+940.000E-06,+201.005023E-03,+174.623114E-03
+945.000E-06,+198.743716E-03,+174.874370E-03
+950.000E-06,+198.743716E-03,+172.864320E-03
+955.000E-06,+198.994973E-03,+174.623114E-03
+960.000E-06,+198.994973E-03,+172.864320E-03
+965.000E-06,+201.005023E-03,+172.864320E-03
+970.000E-06,+198.743716E-03,+172.864320E-03
+975.000E-06,+201.005023E-03,+172.864320E-03
+980.000E-06,+198.994973E-03,+172.864320E-03
+985.000E-06,+198.994973E-03,+172.864320E-03
+990.000E-06,+198.994973E-03,+172.864320E-03
+995.000E-06,+201.005023E-03,+170.603013E-03
+1.000000E-03,+198.743716E-03,+168.844219E-03
+1.005000E-03,+201.005023E-03,+172.864320E-03
+1.010000E-03,+201.005023E-03,+170.854270E-03
+1.015000E-03,+201.005023E-03,+168.844219E-03
+1.020000E-03,+198.994973E-03,+170.854270E-03
+1.025000E-03,+198.743716E-03,+170.603013E-03
+1.030000E-03,+198.743716E-03,+168.844219E-03
+1.035000E-03,+201.005023E-03,+170.854270E-03
+1.040000E-03,+198.994973E-03,+170.854270E-03
+1.045000E-03,+196.984923E-03,+170.603013E-03
+1.050000E-03,+201.005023E-03,+168.844219E-03
+1.055000E-03,+198.743716E-03,+168.844219E-03
+1.060000E-03,+201.005023E-03,+168.844219E-03
+1.065000E-03,+201.005023E-03,+168.844219E-03
+1.070000E-03,+198.743716E-03,+168.844219E-03
+1.075000E-03,+198.743716E-03,+168.844219E-03
+1.080000E-03,+201.005023E-03,+168.844219E-03
+1.085000E-03,+198.994973E-03,+168.844219E-03
+1.090000E-03,+198.743716E-03,+168.844219E-03
+1.095000E-03,+198.994973E-03,+168.844219E-03
+1.100000E-03,+198.743716E-03,+168.844219E-03
+1.105000E-03,+198.743716E-03,+170.854270E-03
+1.110000E-03,+196.984923E-03,+168.844219E-03
+1.115000E-03,+198.743716E-03,+170.603013E-03
+1.120000E-03,+196.984923E-03,+168.844219E-03
+1.125000E-03,+198.994973E-03,+170.603013E-03
+1.130000E-03,+201.005023E-03,+170.854270E-03
+1.135000E-03,+201.005023E-03,+172.864320E-03
+1.140000E-03,+201.005023E-03,+170.854270E-03
+1.145000E-03,+198.994973E-03,+170.854270E-03
+1.150000E-03,+198.994973E-03,+172.864320E-03
+1.155000E-03,+198.743716E-03,+170.854270E-03
+1.160000E-03,+196.984923E-03,+172.864320E-03
+1.165000E-03,+198.743716E-03,+172.864320E-03
+1.170000E-03,+201.005023E-03,+170.854270E-03
+1.175000E-03,+201.005023E-03,+172.864320E-03
+1.180000E-03,+198.743716E-03,+170.603013E-03
+1.185000E-03,+201.005023E-03,+172.864320E-03
+1.190000E-03,+198.994973E-03,+172.864320E-03
+1.195000E-03,+198.994973E-03,+172.864320E-03
+1.200000E-03,+201.005023E-03,+172.864320E-03
+1.205000E-03,+196.984923E-03,+172.864320E-03
+1.210000E-03,+198.994973E-03,+172.864320E-03
+1.215000E-03,+198.994973E-03,+172.864320E-03
+1.220000E-03,+198.994973E-03,+176.884420E-03
+1.225000E-03,+201.005023E-03,+176.884420E-03
+1.230000E-03,+201.005023E-03,+172.864320E-03
+1.235000E-03,+201.005023E-03,+172.864320E-03
+1.240000E-03,+198.743716E-03,+174.874370E-03
+1.245000E-03,+196.984923E-03,+174.623114E-03
+1.250000E-03,+201.005023E-03,+176.884420E-03
+1.255000E-03,+196.984923E-03,+176.884420E-03
+1.260000E-03,+196.984923E-03,+176.884420E-03
+1.265000E-03,+198.743716E-03,+176.884420E-03
+1.270000E-03,+201.005023E-03,+176.884420E-03
+1.275000E-03,+198.743716E-03,+176.884420E-03
+1.280000E-03,+198.994973E-03,+176.884420E-03
+1.285000E-03,+196.984923E-03,+176.884420E-03
+1.290000E-03,+196.984923E-03,+176.884420E-03
+1.295000E-03,+198.994973E-03,+178.894470E-03
+1.300000E-03,+196.984923E-03,+178.894470E-03
+1.305000E-03,+198.994973E-03,+178.894470E-03
+1.310000E-03,+198.743716E-03,+176.884420E-03
+1.315000E-03,+198.743716E-03,+180.904521E-03
+1.320000E-03,+196.984923E-03,+180.904521E-03
+1.325000E-03,+196.984923E-03,+176.884420E-03
+1.330000E-03,+198.994973E-03,+180.904521E-03
+1.335000E-03,+196.984923E-03,+180.904521E-03
+1.340000E-03,+196.984923E-03,+180.904521E-03
+1.345000E-03,+196.984923E-03,+180.904521E-03
+1.350000E-03,+198.994973E-03,+180.904521E-03
+1.355000E-03,+196.984923E-03,+180.904521E-03
+1.360000E-03,+196.984923E-03,+180.904521E-03
+1.365000E-03,+198.994973E-03,+180.904521E-03
+1.370000E-03,+201.005023E-03,+180.904521E-03
+1.375000E-03,+198.743716E-03,+184.924621E-03
+1.380000E-03,+196.984923E-03,+182.914571E-03
+1.385000E-03,+201.005023E-03,+182.663315E-03
+1.390000E-03,+201.005023E-03,+182.914571E-03
+1.395000E-03,+201.005023E-03,+184.924621E-03
+1.400000E-03,+201.005023E-03,+184.924621E-03
+1.405000E-03,+201.005023E-03,+184.924621E-03
+1.410000E-03,+196.984923E-03,+182.663315E-03
+1.415000E-03,+201.005023E-03,+184.924621E-03
+1.420000E-03,+198.743716E-03,+184.924621E-03
+1.425000E-03,+196.984923E-03,+184.924621E-03
+1.430000E-03,+198.743716E-03,+186.934671E-03
+1.435000E-03,+198.743716E-03,+184.924621E-03
+1.440000E-03,+196.984923E-03,+184.924621E-03
+1.445000E-03,+201.005023E-03,+184.924621E-03
+1.450000E-03,+198.743716E-03,+186.934671E-03
+1.455000E-03,+198.743716E-03,+186.683415E-03
+1.460000E-03,+198.994973E-03,+184.924621E-03
+1.465000E-03,+196.984923E-03,+186.934671E-03
+1.470000E-03,+201.005023E-03,+184.924621E-03
+1.475000E-03,+201.005023E-03,+186.934671E-03
+1.480000E-03,+196.984923E-03,+184.924621E-03
+1.485000E-03,+196.984923E-03,+188.944722E-03
+1.490000E-03,+201.005023E-03,+186.683415E-03
+1.495000E-03,+201.005023E-03,+186.683415E-03
+1.500000E-03,+198.743716E-03,+188.944722E-03
+1.505000E-03,+196.984923E-03,+188.944722E-03
+1.510000E-03,+198.743716E-03,+188.944722E-03
+1.515000E-03,+198.994973E-03,+188.944722E-03
+1.520000E-03,+198.994973E-03,+188.944722E-03
+1.525000E-03,+201.005023E-03,+190.954772E-03
+1.530000E-03,+198.994973E-03,+190.703516E-03
+1.535000E-03,+201.005023E-03,+188.944722E-03
+1.540000E-03,+198.994973E-03,+188.944722E-03
+1.545000E-03,+198.743716E-03,+190.954772E-03
+1.550000E-03,+198.994973E-03,+188.944722E-03
+1.555000E-03,+196.984923E-03,+188.944722E-03
+1.560000E-03,+198.743716E-03,+190.954772E-03
+1.565000E-03,+196.984923E-03,+190.954772E-03
+1.570000E-03,+198.743716E-03,+190.954772E-03
+1.575000E-03,+198.994973E-03,+192.964822E-03
+1.580000E-03,+198.743716E-03,+188.944722E-03
+1.585000E-03,+198.743716E-03,+190.954772E-03
+1.590000E-03,+196.984923E-03,+190.703516E-03
+1.595000E-03,+198.994973E-03,+190.954772E-03
+1.600000E-03,+196.984923E-03,+192.964822E-03
+1.605000E-03,+198.743716E-03,+190.954772E-03
+1.610000E-03,+196.984923E-03,+192.964822E-03
+1.615000E-03,+198.743716E-03,+190.703516E-03
+1.620000E-03,+201.005023E-03,+192.964822E-03
+1.625000E-03,+201.005023E-03,+190.703516E-03
+1.630000E-03,+201.005023E-03,+190.703516E-03
+1.635000E-03,+201.005023E-03,+192.964822E-03
+1.640000E-03,+198.994973E-03,+190.954772E-03
+1.645000E-03,+201.005023E-03,+192.964822E-03
+1.650000E-03,+196.984923E-03,+192.964822E-03
+1.655000E-03,+198.743716E-03,+192.964822E-03
+1.660000E-03,+201.005023E-03,+192.964822E-03
+1.665000E-03,+198.994973E-03,+192.964822E-03
+1.670000E-03,+198.994973E-03,+192.964822E-03
+1.675000E-03,+201.005023E-03,+194.723616E-03
+1.680000E-03,+201.005023E-03,+192.964822E-03
+1.685000E-03,+196.984923E-03,+192.964822E-03
+1.690000E-03,+198.994973E-03,+192.964822E-03
+1.695000E-03,+198.743716E-03,+192.964822E-03
+1.700000E-03,+198.743716E-03,+192.964822E-03
+1.705000E-03,+198.994973E-03,+192.964822E-03
+1.710000E-03,+201.005023E-03,+194.723616E-03
+1.715000E-03,+196.984923E-03,+190.703516E-03
+1.720000E-03,+198.994973E-03,+194.723616E-03
+1.725000E-03,+198.743716E-03,+192.964822E-03
+1.730000E-03,+196.984923E-03,+194.723616E-03
+1.735000E-03,+198.743716E-03,+194.723616E-03
+1.740000E-03,+196.984923E-03,+192.964822E-03
+1.745000E-03,+198.994973E-03,+192.964822E-03
+1.750000E-03,+198.994973E-03,+194.723616E-03
+1.755000E-03,+196.984923E-03,+194.974872E-03
+1.760000E-03,+201.005023E-03,+194.974872E-03
+1.765000E-03,+198.743716E-03,+192.964822E-03
+1.770000E-03,+198.743716E-03,+194.974872E-03
+1.775000E-03,+198.994973E-03,+192.964822E-03
+1.780000E-03,+198.994973E-03,+192.964822E-03
+1.785000E-03,+196.984923E-03,+192.964822E-03
+1.790000E-03,+198.994973E-03,+194.974872E-03
+1.795000E-03,+201.005023E-03,+194.723616E-03
+1.800000E-03,+196.984923E-03,+194.723616E-03
+1.805000E-03,+198.743716E-03,+192.964822E-03
+1.810000E-03,+201.005023E-03,+196.984923E-03
+1.815000E-03,+198.743716E-03,+196.984923E-03
+1.820000E-03,+201.005023E-03,+194.974872E-03
+1.825000E-03,+198.994973E-03,+192.964822E-03
+1.830000E-03,+201.005023E-03,+194.723616E-03
+1.835000E-03,+201.005023E-03,+194.723616E-03
+1.840000E-03,+196.984923E-03,+196.984923E-03
+1.845000E-03,+198.994973E-03,+194.723616E-03
+1.850000E-03,+198.994973E-03,+194.974872E-03
+1.855000E-03,+201.005023E-03,+194.723616E-03
+1.860000E-03,+198.994973E-03,+196.984923E-03
+1.865000E-03,+201.005023E-03,+192.964822E-03
+1.870000E-03,+196.984923E-03,+192.964822E-03
+1.875000E-03,+198.743716E-03,+196.984923E-03
+1.880000E-03,+198.994973E-03,+196.984923E-03
+1.885000E-03,+201.005023E-03,+196.984923E-03
+1.890000E-03,+198.994973E-03,+196.984923E-03
+1.895000E-03,+196.984923E-03,+194.723616E-03
+1.900000E-03,+196.984923E-03,+194.723616E-03
+1.905000E-03,+196.984923E-03,+196.984923E-03
+1.910000E-03,+196.984923E-03,+196.984923E-03
+1.915000E-03,+196.984923E-03,+194.723616E-03
+1.920000E-03,+198.743716E-03,+196.984923E-03
+1.925000E-03,+201.005023E-03,+196.984923E-03
+1.930000E-03,+198.994973E-03,+194.723616E-03
+1.935000E-03,+201.005023E-03,+194.723616E-03
+1.940000E-03,+196.984923E-03,+194.723616E-03
+1.945000E-03,+198.994973E-03,+192.964822E-03
+1.950000E-03,+198.743716E-03,+196.984923E-03
+1.955000E-03,+198.994973E-03,+194.723616E-03
+1.960000E-03,+198.994973E-03,+196.984923E-03
+1.965000E-03,+196.984923E-03,+196.984923E-03
+1.970000E-03,+198.743716E-03,+196.984923E-03
+1.975000E-03,+198.994973E-03,+194.723616E-03
+1.980000E-03,+198.994973E-03,+196.984923E-03
+1.985000E-03,+201.005023E-03,+196.984923E-03
+1.990000E-03,+201.005023E-03,+194.723616E-03
+1.995000E-03,+198.743716E-03,+196.984923E-03
+2.000000E-03,+198.994973E-03,+194.974872E-03
+2.005000E-03,+201.005023E-03,+196.984923E-03
+2.010000E-03,+198.994973E-03,+196.984923E-03
+2.015000E-03,+198.994973E-03,+196.984923E-03
+2.020000E-03,+198.743716E-03,+196.984923E-03
+2.025000E-03,+201.005023E-03,+196.984923E-03
+2.030000E-03,+198.743716E-03,+194.974872E-03
+2.035000E-03,+198.994973E-03,+196.984923E-03
+2.040000E-03,+198.994973E-03,+194.974872E-03
+2.045000E-03,+201.005023E-03,+196.984923E-03
+2.050000E-03,+196.984923E-03,+196.984923E-03
+2.055000E-03,+198.743716E-03,+196.984923E-03
+2.060000E-03,+201.005023E-03,+196.984923E-03
+2.065000E-03,+198.743716E-03,+196.984923E-03
+2.070000E-03,+196.984923E-03,+196.984923E-03
+2.075000E-03,+198.994973E-03,+196.984923E-03
+2.080000E-03,+198.743716E-03,+196.984923E-03
+2.085000E-03,+198.743716E-03,+196.984923E-03
+2.090000E-03,+198.743716E-03,+196.984923E-03
+2.095000E-03,+201.005023E-03,+196.984923E-03
+2.100000E-03,+196.984923E-03,+196.984923E-03
+2.105000E-03,+198.743716E-03,+196.984923E-03
+2.110000E-03,+196.984923E-03,+194.723616E-03
+2.115000E-03,+201.005023E-03,+198.994973E-03
+2.120000E-03,+201.005023E-03,+196.984923E-03
+2.125000E-03,+196.984923E-03,+196.984923E-03
+2.130000E-03,+198.994973E-03,+196.984923E-03
+2.135000E-03,+196.984923E-03,+196.984923E-03
+2.140000E-03,+196.984923E-03,+198.743716E-03
+2.145000E-03,+196.984923E-03,+196.984923E-03
+2.150000E-03,+196.984923E-03,+196.984923E-03
+2.155000E-03,+198.994973E-03,+196.984923E-03
+2.160000E-03,+196.984923E-03,+196.984923E-03
+2.165000E-03,+196.984923E-03,+196.984923E-03
+2.170000E-03,+201.005023E-03,+196.984923E-03
+2.175000E-03,+196.984923E-03,+196.984923E-03
+2.180000E-03,+196.984923E-03,+196.984923E-03
+2.185000E-03,+198.743716E-03,+196.984923E-03
+2.190000E-03,+196.984923E-03,+198.994973E-03
+2.195000E-03,+196.984923E-03,+196.984923E-03
+2.200000E-03,+198.743716E-03,+196.984923E-03
+2.205000E-03,+198.994973E-03,+196.984923E-03
+2.210000E-03,+198.994973E-03,+196.984923E-03
+2.215000E-03,+196.984923E-03,+196.984923E-03
+2.220000E-03,+198.994973E-03,+198.743716E-03
+2.225000E-03,+201.005023E-03,+198.994973E-03
+2.230000E-03,+201.005023E-03,+198.994973E-03
+2.235000E-03,+201.005023E-03,+198.743716E-03
+2.240000E-03,+198.743716E-03,+198.994973E-03
+2.245000E-03,+198.743716E-03,+198.743716E-03
+2.250000E-03,+201.005023E-03,+198.994973E-03
+2.255000E-03,+198.743716E-03,+196.984923E-03
+2.260000E-03,+201.005023E-03,+201.005023E-03
+2.265000E-03,+198.743716E-03,+201.005023E-03
+2.270000E-03,+201.005023E-03,+198.994973E-03
+2.275000E-03,+201.005023E-03,+196.984923E-03
+2.280000E-03,+196.984923E-03,+201.005023E-03
+2.285000E-03,+196.984923E-03,+198.994973E-03
+2.290000E-03,+198.743716E-03,+198.994973E-03
+2.295000E-03,+198.994973E-03,+201.005023E-03
+2.300000E-03,+198.994973E-03,+198.994973E-03
+2.305000E-03,+201.005023E-03,+201.005023E-03
+2.310000E-03,+198.994973E-03,+201.005023E-03
+2.315000E-03,+198.743716E-03,+201.005023E-03
+2.320000E-03,+198.994973E-03,+196.984923E-03
+2.325000E-03,+201.005023E-03,+196.984923E-03
+2.330000E-03,+196.984923E-03,+201.005023E-03
+2.335000E-03,+196.984923E-03,+198.743716E-03
+2.340000E-03,+198.743716E-03,+198.743716E-03
+2.345000E-03,+196.984923E-03,+201.005023E-03
+2.350000E-03,+201.005023E-03,+201.005023E-03
+2.355000E-03,+201.005023E-03,+201.005023E-03
+2.360000E-03,+198.743716E-03,+198.994973E-03
+2.365000E-03,+198.994973E-03,+198.994973E-03
+2.370000E-03,+201.005023E-03,+201.005023E-03
+2.375000E-03,+196.984923E-03,+201.005023E-03
+2.380000E-03,+198.743716E-03,+198.994973E-03
+2.385000E-03,+201.005023E-03,+196.984923E-03
+2.390000E-03,+201.005023E-03,+201.005023E-03
+2.395000E-03,+198.994973E-03,+201.005023E-03
+2.400000E-03,+201.005023E-03,+201.005023E-03
+2.405000E-03,+196.984923E-03,+201.005023E-03
+2.410000E-03,+196.984923E-03,+201.005023E-03
+2.415000E-03,+201.005023E-03,+201.005023E-03
+2.420000E-03,+198.994973E-03,+201.005023E-03
+2.425000E-03,+198.743716E-03,+198.743716E-03
+2.430000E-03,+198.994973E-03,+198.743716E-03
+2.435000E-03,+196.984923E-03,+201.005023E-03
+2.440000E-03,+196.984923E-03,+201.005023E-03
+2.445000E-03,+198.994973E-03,+201.005023E-03
+2.450000E-03,+198.994973E-03,+201.005023E-03
+2.455000E-03,+198.994973E-03,+201.005023E-03
+2.460000E-03,+196.984923E-03,+201.005023E-03
+2.465000E-03,+196.984923E-03,+201.005023E-03
+2.470000E-03,+198.743716E-03,+198.743716E-03
+2.475000E-03,+198.743716E-03,+201.005023E-03
+2.480000E-03,+198.743716E-03,+201.005023E-03
+2.485000E-03,+201.005023E-03,+201.005023E-03
+2.490000E-03,+198.743716E-03,+198.743716E-03
+2.495000E-03,+198.743716E-03,+201.005023E-03
+2.500000E-03,+196.984923E-03,+201.005023E-03
+2.505000E-03,+198.743716E-03,+201.005023E-03
+2.510000E-03,+198.743716E-03,+201.005023E-03
+2.515000E-03,+198.994973E-03,+201.005023E-03
+2.520000E-03,+201.005023E-03,+201.005023E-03
+2.525000E-03,+198.994973E-03,+201.005023E-03
+2.530000E-03,+196.984923E-03,+201.005023E-03
+2.535000E-03,+196.984923E-03,+201.005023E-03
+2.540000E-03,+201.005023E-03,+201.005023E-03
+2.545000E-03,+201.005023E-03,+201.005023E-03
+2.550000E-03,+198.994973E-03,+201.005023E-03
+2.555000E-03,+198.743716E-03,+201.005023E-03
+2.560000E-03,+198.743716E-03,+201.005023E-03
+2.565000E-03,+198.994973E-03,+201.005023E-03
+2.570000E-03,+198.994973E-03,+201.005023E-03
+2.575000E-03,+198.743716E-03,+201.005023E-03
+2.580000E-03,+198.994973E-03,+202.763817E-03
+2.585000E-03,+196.984923E-03,+201.005023E-03
+2.590000E-03,+201.005023E-03,+201.005023E-03
+2.595000E-03,+196.984923E-03,+201.005023E-03
+2.600000E-03,+196.984923E-03,+201.005023E-03
+2.605000E-03,+201.005023E-03,+201.005023E-03
+2.610000E-03,+198.994973E-03,+201.005023E-03
+2.615000E-03,+201.005023E-03,+201.005023E-03
+2.620000E-03,+198.994973E-03,+203.015073E-03
+2.625000E-03,+196.984923E-03,+203.015073E-03
+2.630000E-03,+201.005023E-03,+201.005023E-03
+2.635000E-03,+196.984923E-03,+201.005023E-03
+2.640000E-03,+198.994973E-03,+201.005023E-03
+2.645000E-03,+196.984923E-03,+201.005023E-03
+2.650000E-03,+196.984923E-03,+201.005023E-03
+2.655000E-03,+201.005023E-03,+201.005023E-03
+2.660000E-03,+196.984923E-03,+201.005023E-03
+2.665000E-03,+196.984923E-03,+201.005023E-03
+2.670000E-03,+198.994973E-03,+201.005023E-03
+2.675000E-03,+198.994973E-03,+201.005023E-03
+2.680000E-03,+198.743716E-03,+201.005023E-03
+2.685000E-03,+198.994973E-03,+203.015073E-03
+2.690000E-03,+198.994973E-03,+201.005023E-03
+2.695000E-03,+196.984923E-03,+201.005023E-03
+2.700000E-03,+198.743716E-03,+201.005023E-03
+2.705000E-03,+198.743716E-03,+202.763817E-03
+2.710000E-03,+198.743716E-03,+201.005023E-03
+2.715000E-03,+198.743716E-03,+201.005023E-03
+2.720000E-03,+198.994973E-03,+201.005023E-03
+2.725000E-03,+198.994973E-03,+201.005023E-03
+2.730000E-03,+201.005023E-03,+201.005023E-03
+2.735000E-03,+201.005023E-03,+205.025123E-03
+2.740000E-03,+201.005023E-03,+203.015073E-03
+2.745000E-03,+198.994973E-03,+201.005023E-03
+2.750000E-03,+196.984923E-03,+201.005023E-03
+2.755000E-03,+201.005023E-03,+201.005023E-03
+2.760000E-03,+198.743716E-03,+202.763817E-03
+2.765000E-03,+198.994973E-03,+201.005023E-03
+2.770000E-03,+201.005023E-03,+201.005023E-03
+2.775000E-03,+198.994973E-03,+203.015073E-03
+2.780000E-03,+198.994973E-03,+205.025123E-03
+2.785000E-03,+198.743716E-03,+202.763817E-03
+2.790000E-03,+198.994973E-03,+203.015073E-03
+2.795000E-03,+198.994973E-03,+201.005023E-03
+2.800000E-03,+198.994973E-03,+205.025123E-03
+2.805000E-03,+198.743716E-03,+203.015073E-03
+2.810000E-03,+198.994973E-03,+201.005023E-03
+2.815000E-03,+201.005023E-03,+201.005023E-03
+2.820000E-03,+198.743716E-03,+205.025123E-03
+2.825000E-03,+196.984923E-03,+201.005023E-03
+2.830000E-03,+198.743716E-03,+203.015073E-03
+2.835000E-03,+196.984923E-03,+201.005023E-03
+2.840000E-03,+198.994973E-03,+205.025123E-03
+2.845000E-03,+198.994973E-03,+201.005023E-03
+2.850000E-03,+201.005023E-03,+201.005023E-03
+2.855000E-03,+198.743716E-03,+203.015073E-03
+2.860000E-03,+201.005023E-03,+203.015073E-03
+2.865000E-03,+196.984923E-03,+203.015073E-03
+2.870000E-03,+201.005023E-03,+205.025123E-03
+2.875000E-03,+201.005023E-03,+205.025123E-03
+2.880000E-03,+196.984923E-03,+205.025123E-03
+2.885000E-03,+196.984923E-03,+205.025123E-03
+2.890000E-03,+196.984923E-03,+205.025123E-03
+2.895000E-03,+198.743716E-03,+205.025123E-03
+2.900000E-03,+198.994973E-03,+201.005023E-03
+2.905000E-03,+196.984923E-03,+205.025123E-03
+2.910000E-03,+198.994973E-03,+205.025123E-03
+2.915000E-03,+196.984923E-03,+202.763817E-03
+2.920000E-03,+196.984923E-03,+203.015073E-03
+2.925000E-03,+198.994973E-03,+202.763817E-03
+2.930000E-03,+196.984923E-03,+202.763817E-03
+2.935000E-03,+198.994973E-03,+203.015073E-03
+2.940000E-03,+198.743716E-03,+205.025123E-03
+2.945000E-03,+196.984923E-03,+202.763817E-03
+2.950000E-03,+198.994973E-03,+203.015073E-03
+2.955000E-03,+201.005023E-03,+205.025123E-03
+2.960000E-03,+198.994973E-03,+205.025123E-03
+2.965000E-03,+196.984923E-03,+205.025123E-03
+2.970000E-03,+198.743716E-03,+202.763817E-03
+2.975000E-03,+201.005023E-03,+203.015073E-03
+2.980000E-03,+198.994973E-03,+205.025123E-03
+2.985000E-03,+198.994973E-03,+203.015073E-03
+2.990000E-03,+198.994973E-03,+205.025123E-03
+2.995000E-03,+198.743716E-03,+205.025123E-03
+3.000000E-03,+198.743716E-03,+202.763817E-03
+3.005000E-03,+198.743716E-03,+205.025123E-03
+3.010000E-03,+196.984923E-03,+205.025123E-03
+3.015000E-03,+201.005023E-03,+202.763817E-03
+3.020000E-03,+196.984923E-03,+205.025123E-03
+3.025000E-03,+201.005023E-03,+203.015073E-03
+3.030000E-03,+196.984923E-03,+203.015073E-03
+3.035000E-03,+196.984923E-03,+203.015073E-03
+3.040000E-03,+198.994973E-03,+202.763817E-03
+3.045000E-03,+198.743716E-03,+205.025123E-03
+3.050000E-03,+198.994973E-03,+205.025123E-03
+3.055000E-03,+198.743716E-03,+205.025123E-03
+3.060000E-03,+201.005023E-03,+203.015073E-03
+3.065000E-03,+198.994973E-03,+203.015073E-03
+3.070000E-03,+198.994973E-03,+203.015073E-03
+3.075000E-03,+198.743716E-03,+205.025123E-03
+3.080000E-03,+196.984923E-03,+202.763817E-03
+3.085000E-03,+198.743716E-03,+205.025123E-03
+3.090000E-03,+198.994973E-03,+205.025123E-03
+3.095000E-03,+198.743716E-03,+202.763817E-03
+3.100000E-03,+196.984923E-03,+205.025123E-03
+3.105000E-03,+198.743716E-03,+205.025123E-03
+3.110000E-03,+198.994973E-03,+205.025123E-03
+3.115000E-03,+201.005023E-03,+205.025123E-03
+3.120000E-03,+198.994973E-03,+205.025123E-03
+3.125000E-03,+196.984923E-03,+205.025123E-03
+3.130000E-03,+198.743716E-03,+205.025123E-03
+3.135000E-03,+201.005023E-03,+205.025123E-03
+3.140000E-03,+196.984923E-03,+201.005023E-03
+3.145000E-03,+201.005023E-03,+205.025123E-03
+3.150000E-03,+198.994973E-03,+205.025123E-03
+3.155000E-03,+198.994973E-03,+205.025123E-03
+3.160000E-03,+196.984923E-03,+205.025123E-03
+3.165000E-03,+201.005023E-03,+205.025123E-03
+3.170000E-03,+201.005023E-03,+205.025123E-03
+3.175000E-03,+198.743716E-03,+205.025123E-03
+3.180000E-03,+198.994973E-03,+205.025123E-03
+3.185000E-03,+201.005023E-03,+205.025123E-03
+3.190000E-03,+201.005023E-03,+205.025123E-03
+3.195000E-03,+198.743716E-03,+205.025123E-03
+3.200000E-03,+201.005023E-03,+205.025123E-03
+3.205000E-03,+198.743716E-03,+205.025123E-03
+3.210000E-03,+196.984923E-03,+205.025123E-03
+3.215000E-03,+198.743716E-03,+205.025123E-03
+3.220000E-03,+196.984923E-03,+205.025123E-03
+3.225000E-03,+198.743716E-03,+205.025123E-03
+3.230000E-03,+198.994973E-03,+202.763817E-03
+3.235000E-03,+198.994973E-03,+205.025123E-03
+3.240000E-03,+198.743716E-03,+205.025123E-03
+3.245000E-03,+201.005023E-03,+205.025123E-03
+3.250000E-03,+196.984923E-03,+205.025123E-03
+3.255000E-03,+196.984923E-03,+205.025123E-03
+3.260000E-03,+196.984923E-03,+205.025123E-03
+3.265000E-03,+201.005023E-03,+205.025123E-03
+3.270000E-03,+196.984923E-03,+205.025123E-03
+3.275000E-03,+198.743716E-03,+205.025123E-03
+3.280000E-03,+198.743716E-03,+205.025123E-03
+3.285000E-03,+198.994973E-03,+205.025123E-03
+3.290000E-03,+198.743716E-03,+205.025123E-03
+3.295000E-03,+201.005023E-03,+205.025123E-03
+3.300000E-03,+198.994973E-03,+205.025123E-03
+3.305000E-03,+198.743716E-03,+205.025123E-03
+3.310000E-03,+198.994973E-03,+205.025123E-03
+3.315000E-03,+198.743716E-03,+205.025123E-03
+3.320000E-03,+196.984923E-03,+205.025123E-03
+3.325000E-03,+196.984923E-03,+205.025123E-03
+3.330000E-03,+196.984923E-03,+205.025123E-03
+3.335000E-03,+198.743716E-03,+205.025123E-03
+3.340000E-03,+198.994973E-03,+205.025123E-03
+3.345000E-03,+201.005023E-03,+205.025123E-03
+3.350000E-03,+198.994973E-03,+205.025123E-03
+3.355000E-03,+198.743716E-03,+205.025123E-03
+3.360000E-03,+196.984923E-03,+205.025123E-03
+3.365000E-03,+198.743716E-03,+205.025123E-03
+3.370000E-03,+198.994973E-03,+205.025123E-03
+3.375000E-03,+198.994973E-03,+205.025123E-03
+3.380000E-03,+198.994973E-03,+207.035174E-03
+3.385000E-03,+201.005023E-03,+205.025123E-03
+3.390000E-03,+196.984923E-03,+205.025123E-03
+3.395000E-03,+198.994973E-03,+205.025123E-03
+3.400000E-03,+198.743716E-03,+203.015073E-03
+3.405000E-03,+198.994973E-03,+205.025123E-03
+3.410000E-03,+201.005023E-03,+205.025123E-03
+3.415000E-03,+201.005023E-03,+205.025123E-03
+3.420000E-03,+198.994973E-03,+205.025123E-03
+3.425000E-03,+196.984923E-03,+206.783917E-03
+3.430000E-03,+196.984923E-03,+205.025123E-03
+3.435000E-03,+198.743716E-03,+205.025123E-03
+3.440000E-03,+198.994973E-03,+205.025123E-03
+3.445000E-03,+201.005023E-03,+205.025123E-03
+3.450000E-03,+196.984923E-03,+209.045224E-03
+3.455000E-03,+196.984923E-03,+205.025123E-03
+3.460000E-03,+198.743716E-03,+205.025123E-03
+3.465000E-03,+198.994973E-03,+205.025123E-03
+3.470000E-03,+198.994973E-03,+205.025123E-03
+3.475000E-03,+196.984923E-03,+205.025123E-03
+3.480000E-03,+196.984923E-03,+205.025123E-03
+3.485000E-03,+198.994973E-03,+205.025123E-03
+3.490000E-03,+196.984923E-03,+205.025123E-03
+3.495000E-03,+201.005023E-03,+206.783917E-03
+3.500000E-03,+196.984923E-03,+205.025123E-03
+3.505000E-03,+196.984923E-03,+205.025123E-03
+3.510000E-03,+196.984923E-03,+205.025123E-03
+3.515000E-03,+198.743716E-03,+205.025123E-03
+3.520000E-03,+196.984923E-03,+205.025123E-03
+3.525000E-03,+198.994973E-03,+205.025123E-03
+3.530000E-03,+201.005023E-03,+205.025123E-03
+3.535000E-03,+198.743716E-03,+205.025123E-03
+3.540000E-03,+198.743716E-03,+205.025123E-03
+3.545000E-03,+196.984923E-03,+206.783917E-03
+3.550000E-03,+201.005023E-03,+205.025123E-03
+3.555000E-03,+201.005023E-03,+206.783917E-03
+3.560000E-03,+201.005023E-03,+205.025123E-03
+3.565000E-03,+201.005023E-03,+205.025123E-03
+3.570000E-03,+198.994973E-03,+205.025123E-03
+3.575000E-03,+198.994973E-03,+205.025123E-03
+3.580000E-03,+201.005023E-03,+207.035174E-03
+3.585000E-03,+198.994973E-03,+205.025123E-03
+3.590000E-03,+198.743716E-03,+205.025123E-03
+3.595000E-03,+198.994973E-03,+205.025123E-03
+3.600000E-03,+196.984923E-03,+205.025123E-03
+3.605000E-03,+198.994973E-03,+205.025123E-03
+3.610000E-03,+198.994973E-03,+205.025123E-03
+3.615000E-03,+198.994973E-03,+205.025123E-03
+3.620000E-03,+198.743716E-03,+206.783917E-03
+3.625000E-03,+198.743716E-03,+205.025123E-03
+3.630000E-03,+201.005023E-03,+205.025123E-03
+3.635000E-03,+198.743716E-03,+205.025123E-03
+3.640000E-03,+198.743716E-03,+202.763817E-03
+3.645000E-03,+196.984923E-03,+205.025123E-03
+3.650000E-03,+198.743716E-03,+209.045224E-03
+3.655000E-03,+198.994973E-03,+205.025123E-03
+3.660000E-03,+198.994973E-03,+205.025123E-03
+3.665000E-03,+198.994973E-03,+205.025123E-03
+3.670000E-03,+201.005023E-03,+205.025123E-03
+3.675000E-03,+196.984923E-03,+205.025123E-03
+3.680000E-03,+198.994973E-03,+205.025123E-03
+3.685000E-03,+196.984923E-03,+205.025123E-03
+3.690000E-03,+201.005023E-03,+207.035174E-03
+3.695000E-03,+196.984923E-03,+205.025123E-03
+3.700000E-03,+196.984923E-03,+205.025123E-03
+3.705000E-03,+196.984923E-03,+205.025123E-03
+3.710000E-03,+198.743716E-03,+205.025123E-03
+3.715000E-03,+196.984923E-03,+206.783917E-03
+3.720000E-03,+198.994973E-03,+205.025123E-03
+3.725000E-03,+198.994973E-03,+205.025123E-03
+3.730000E-03,+196.984923E-03,+205.025123E-03
+3.735000E-03,+198.994973E-03,+209.045224E-03
+3.740000E-03,+201.005023E-03,+205.025123E-03
+3.745000E-03,+198.994973E-03,+207.035174E-03
+3.750000E-03,+198.743716E-03,+206.783917E-03
+3.755000E-03,+196.984923E-03,+205.025123E-03
+3.760000E-03,+201.005023E-03,+206.783917E-03
+3.765000E-03,+201.005023E-03,+206.783917E-03
+3.770000E-03,+198.994973E-03,+207.035174E-03
+3.775000E-03,+198.743716E-03,+205.025123E-03
+3.780000E-03,+198.743716E-03,+205.025123E-03
+3.785000E-03,+201.005023E-03,+206.783917E-03
+3.790000E-03,+201.005023E-03,+207.035174E-03
+3.795000E-03,+196.984923E-03,+205.025123E-03
+3.800000E-03,+198.743716E-03,+205.025123E-03
+3.805000E-03,+196.984923E-03,+205.025123E-03
+3.810000E-03,+198.994973E-03,+205.025123E-03
+3.815000E-03,+201.005023E-03,+205.025123E-03
+3.820000E-03,+196.984923E-03,+205.025123E-03
+3.825000E-03,+201.005023E-03,+206.783917E-03
+3.830000E-03,+196.984923E-03,+206.783917E-03
+3.835000E-03,+196.984923E-03,+209.045224E-03
+3.840000E-03,+198.994973E-03,+207.035174E-03
+3.845000E-03,+198.994973E-03,+206.783917E-03
+3.850000E-03,+196.984923E-03,+205.025123E-03
+3.855000E-03,+198.743716E-03,+205.025123E-03
+3.860000E-03,+201.005023E-03,+206.783917E-03
+3.865000E-03,+198.743716E-03,+207.035174E-03
+3.870000E-03,+201.005023E-03,+206.783917E-03
+3.875000E-03,+198.994973E-03,+205.025123E-03
+3.880000E-03,+201.005023E-03,+205.025123E-03
+3.885000E-03,+198.743716E-03,+205.025123E-03
+3.890000E-03,+198.994973E-03,+205.025123E-03
+3.895000E-03,+196.984923E-03,+205.025123E-03
+3.900000E-03,+198.994973E-03,+209.045224E-03
+3.905000E-03,+198.994973E-03,+207.035174E-03
+3.910000E-03,+198.743716E-03,+207.035174E-03
+3.915000E-03,+198.743716E-03,+207.035174E-03
+3.920000E-03,+196.984923E-03,+205.025123E-03
+3.925000E-03,+198.743716E-03,+207.035174E-03
+3.930000E-03,+198.994973E-03,+205.025123E-03
+3.935000E-03,+198.994973E-03,+206.783917E-03
+3.940000E-03,+198.743716E-03,+205.025123E-03
+3.945000E-03,+201.005023E-03,+206.783917E-03
+3.950000E-03,+198.994973E-03,+209.045224E-03
+3.955000E-03,+196.984923E-03,+206.783917E-03
+3.960000E-03,+196.984923E-03,+207.035174E-03
+3.965000E-03,+196.984923E-03,+207.035174E-03
+3.970000E-03,+198.743716E-03,+205.025123E-03
+3.975000E-03,+198.994973E-03,+205.025123E-03
+3.980000E-03,+201.005023E-03,+205.025123E-03
+3.985000E-03,+201.005023E-03,+207.035174E-03
+3.990000E-03,+201.005023E-03,+209.045224E-03
+3.995000E-03,+196.984923E-03,+207.035174E-03
+4.000000E-03,+196.984923E-03,+206.783917E-03
+4.005000E-03,+198.743716E-03,+205.025123E-03
+4.010000E-03,+198.743716E-03,+206.783917E-03
+4.015000E-03,+196.984923E-03,+205.025123E-03
+4.020000E-03,+201.005023E-03,+207.035174E-03
+4.025000E-03,+198.994973E-03,+206.783917E-03
+4.030000E-03,+198.994973E-03,+206.783917E-03
+4.035000E-03,+196.984923E-03,+205.025123E-03
+4.040000E-03,+198.743716E-03,+209.045224E-03
+4.045000E-03,+196.984923E-03,+205.025123E-03
+4.050000E-03,+196.984923E-03,+207.035174E-03
+4.055000E-03,+196.984923E-03,+207.035174E-03
+4.060000E-03,+196.984923E-03,+209.045224E-03
+4.065000E-03,+196.984923E-03,+206.783917E-03
+4.070000E-03,+201.005023E-03,+207.035174E-03
+4.075000E-03,+196.984923E-03,+206.783917E-03
+4.080000E-03,+201.005023E-03,+205.025123E-03
+4.085000E-03,+198.743716E-03,+206.783917E-03
+4.090000E-03,+201.005023E-03,+205.025123E-03
+4.095000E-03,+196.984923E-03,+207.035174E-03
+4.100000E-03,+198.994973E-03,+206.783917E-03
+4.105000E-03,+198.994973E-03,+207.035174E-03
+4.110000E-03,+198.994973E-03,+209.045224E-03
+4.115000E-03,+198.743716E-03,+206.783917E-03
+4.120000E-03,+198.994973E-03,+205.025123E-03
+4.125000E-03,+198.994973E-03,+205.025123E-03
+4.130000E-03,+196.984923E-03,+207.035174E-03
+4.135000E-03,+198.994973E-03,+205.025123E-03
+4.140000E-03,+198.994973E-03,+209.045224E-03
+4.145000E-03,+198.994973E-03,+207.035174E-03
+4.150000E-03,+198.994973E-03,+205.025123E-03
+4.155000E-03,+198.994973E-03,+209.045224E-03
+4.160000E-03,+198.994973E-03,+206.783917E-03
+4.165000E-03,+196.984923E-03,+205.025123E-03
+4.170000E-03,+196.984923E-03,+205.025123E-03
+4.175000E-03,+198.743716E-03,+209.045224E-03
+4.180000E-03,+196.984923E-03,+206.783917E-03
+4.185000E-03,+201.005023E-03,+207.035174E-03
+4.190000E-03,+198.994973E-03,+209.045224E-03
+4.195000E-03,+198.743716E-03,+207.035174E-03
+4.200000E-03,+198.994973E-03,+207.035174E-03
+4.205000E-03,+201.005023E-03,+209.045224E-03
+4.210000E-03,+201.005023E-03,+207.035174E-03
+4.215000E-03,+196.984923E-03,+205.025123E-03
+4.220000E-03,+198.743716E-03,+205.025123E-03
+4.225000E-03,+201.005023E-03,+206.783917E-03
+4.230000E-03,+200.753767E-03,+209.045224E-03
+4.235000E-03,+201.005023E-03,+206.783917E-03
+4.240000E-03,+198.743716E-03,+209.045224E-03
+4.245000E-03,+201.005023E-03,+205.025123E-03
+4.250000E-03,+201.005023E-03,+206.783917E-03
+4.255000E-03,+201.005023E-03,+207.035174E-03
+4.260000E-03,+198.743716E-03,+206.783917E-03
+4.265000E-03,+198.743716E-03,+205.025123E-03
+4.270000E-03,+198.994973E-03,+209.045224E-03
+4.275000E-03,+196.984923E-03,+207.035174E-03
+4.280000E-03,+201.005023E-03,+205.025123E-03
+4.285000E-03,+196.984923E-03,+206.783917E-03
+4.290000E-03,+198.994973E-03,+206.783917E-03
+4.295000E-03,+196.984923E-03,+207.035174E-03
+4.300000E-03,+198.994973E-03,+207.035174E-03
+4.305000E-03,+198.743716E-03,+207.035174E-03
+4.310000E-03,+198.994973E-03,+207.035174E-03
+4.315000E-03,+198.743716E-03,+209.045224E-03
+4.320000E-03,+196.984923E-03,+209.045224E-03
+4.325000E-03,+201.005023E-03,+206.783917E-03
+4.330000E-03,+198.994973E-03,+205.025123E-03
+4.335000E-03,+198.994973E-03,+209.045224E-03
+4.340000E-03,+198.994973E-03,+209.045224E-03
+4.345000E-03,+198.994973E-03,+207.035174E-03
+4.350000E-03,+196.984923E-03,+207.035174E-03
+4.355000E-03,+198.743716E-03,+206.783917E-03
+4.360000E-03,+196.984923E-03,+206.783917E-03
+4.365000E-03,+196.984923E-03,+209.045224E-03
+4.370000E-03,+198.743716E-03,+207.035174E-03
+4.375000E-03,+198.743716E-03,+207.035174E-03
+4.380000E-03,+198.994973E-03,+206.783917E-03
+4.385000E-03,+198.994973E-03,+206.783917E-03
+4.390000E-03,+198.994973E-03,+207.035174E-03
+4.395000E-03,+196.984923E-03,+209.045224E-03
+4.400000E-03,+196.984923E-03,+209.045224E-03
+4.405000E-03,+198.743716E-03,+209.045224E-03
+4.410000E-03,+196.984923E-03,+207.035174E-03
+4.415000E-03,+201.005023E-03,+209.045224E-03
+4.420000E-03,+196.984923E-03,+207.035174E-03
+4.425000E-03,+198.994973E-03,+209.045224E-03
+4.430000E-03,+201.005023E-03,+209.045224E-03
+4.435000E-03,+201.005023E-03,+205.025123E-03
+4.440000E-03,+196.984923E-03,+209.045224E-03
+4.445000E-03,+198.743716E-03,+207.035174E-03
+4.450000E-03,+196.984923E-03,+209.045224E-03
+4.455000E-03,+201.005023E-03,+209.045224E-03
+4.460000E-03,+201.005023E-03,+207.035174E-03
+4.465000E-03,+198.994973E-03,+207.035174E-03
+4.470000E-03,+196.984923E-03,+209.045224E-03
+4.475000E-03,+198.743716E-03,+205.025123E-03
+4.480000E-03,+198.743716E-03,+209.045224E-03
+4.485000E-03,+201.005023E-03,+209.045224E-03
+4.490000E-03,+198.743716E-03,+209.045224E-03
+4.495000E-03,+200.753767E-03,+206.783917E-03
+4.500000E-03,+198.743716E-03,+209.045224E-03
+4.505000E-03,+196.984923E-03,+206.783917E-03
+4.510000E-03,+198.994973E-03,+207.035174E-03
+4.515000E-03,+198.743716E-03,+206.783917E-03
+4.520000E-03,+201.005023E-03,+209.045224E-03
+4.525000E-03,+198.994973E-03,+207.035174E-03
+4.530000E-03,+198.994973E-03,+205.025123E-03
+4.535000E-03,+196.984923E-03,+206.783917E-03
+4.540000E-03,+198.994973E-03,+209.045224E-03
+4.545000E-03,+198.743716E-03,+209.045224E-03
+4.550000E-03,+198.743716E-03,+209.045224E-03
+4.555000E-03,+198.743716E-03,+209.045224E-03
+4.560000E-03,+198.743716E-03,+205.025123E-03
+4.565000E-03,+201.005023E-03,+206.783917E-03
+4.570000E-03,+198.743716E-03,+206.783917E-03
+4.575000E-03,+198.994973E-03,+209.045224E-03
+4.580000E-03,+196.984923E-03,+209.045224E-03
+4.585000E-03,+201.005023E-03,+207.035174E-03
+4.590000E-03,+201.005023E-03,+206.783917E-03
+4.595000E-03,+198.743716E-03,+209.045224E-03
+4.600000E-03,+198.994973E-03,+207.035174E-03
+4.605000E-03,+196.984923E-03,+209.045224E-03
+4.610000E-03,+198.743716E-03,+209.045224E-03
+4.615000E-03,+196.984923E-03,+207.035174E-03
+4.620000E-03,+196.984923E-03,+209.045224E-03
+4.625000E-03,+201.005023E-03,+209.045224E-03
+4.630000E-03,+201.005023E-03,+209.045224E-03
+4.635000E-03,+201.005023E-03,+207.035174E-03
+4.640000E-03,+201.005023E-03,+207.035174E-03
+4.645000E-03,+198.994973E-03,+206.783917E-03
+4.650000E-03,+198.994973E-03,+209.045224E-03
+4.655000E-03,+201.005023E-03,+209.045224E-03
+4.660000E-03,+201.005023E-03,+209.045224E-03
+4.665000E-03,+201.005023E-03,+206.783917E-03
+4.670000E-03,+196.984923E-03,+206.783917E-03
+4.675000E-03,+201.005023E-03,+209.045224E-03
+4.680000E-03,+198.743716E-03,+205.025123E-03
+4.685000E-03,+201.005023E-03,+209.045224E-03
+4.690000E-03,+198.743716E-03,+209.045224E-03
+4.695000E-03,+198.743716E-03,+209.045224E-03
+4.700000E-03,+198.994973E-03,+209.045224E-03
+4.705000E-03,+198.743716E-03,+207.035174E-03
+4.710000E-03,+198.994973E-03,+209.045224E-03
+4.715000E-03,+198.743716E-03,+209.045224E-03
+4.720000E-03,+198.994973E-03,+209.045224E-03
+4.725000E-03,+196.984923E-03,+207.035174E-03
+4.730000E-03,+196.984923E-03,+206.783917E-03
+4.735000E-03,+198.743716E-03,+209.045224E-03
+4.740000E-03,+201.005023E-03,+209.045224E-03
+4.745000E-03,+196.984923E-03,+209.045224E-03
+4.750000E-03,+198.994973E-03,+209.045224E-03
+4.755000E-03,+198.743716E-03,+207.035174E-03
+4.760000E-03,+201.005023E-03,+209.045224E-03
+4.765000E-03,+201.005023E-03,+206.783917E-03
+4.770000E-03,+198.743716E-03,+209.045224E-03
+4.775000E-03,+198.743716E-03,+209.045224E-03
+4.780000E-03,+201.005023E-03,+209.045224E-03
+4.785000E-03,+201.005023E-03,+209.045224E-03
+4.790000E-03,+201.005023E-03,+206.783917E-03
+4.795000E-03,+198.994973E-03,+209.045224E-03
+4.800000E-03,+201.005023E-03,+209.045224E-03
+4.805000E-03,+198.994973E-03,+209.045224E-03
+4.810000E-03,+196.984923E-03,+209.045224E-03
+4.815000E-03,+198.743716E-03,+207.035174E-03
+4.820000E-03,+201.005023E-03,+207.035174E-03
+4.825000E-03,+201.005023E-03,+209.045224E-03
+4.830000E-03,+198.743716E-03,+206.783917E-03
+4.835000E-03,+198.743716E-03,+209.045224E-03
+4.840000E-03,+201.005023E-03,+207.035174E-03
+4.845000E-03,+198.743716E-03,+209.045224E-03
+4.850000E-03,+198.994973E-03,+209.045224E-03
+4.855000E-03,+198.994973E-03,+207.035174E-03
+4.860000E-03,+196.984923E-03,+205.025123E-03
+4.865000E-03,+198.994973E-03,+209.045224E-03
+4.870000E-03,+198.743716E-03,+209.045224E-03
+4.875000E-03,+198.994973E-03,+207.035174E-03
+4.880000E-03,+198.994973E-03,+206.783917E-03
+4.885000E-03,+196.984923E-03,+209.045224E-03
+4.890000E-03,+201.005023E-03,+206.783917E-03
+4.895000E-03,+198.994973E-03,+206.783917E-03
+4.900000E-03,+198.994973E-03,+209.045224E-03
+4.905000E-03,+198.743716E-03,+209.045224E-03
+4.910000E-03,+201.005023E-03,+209.045224E-03
+4.915000E-03,+196.984923E-03,+209.045224E-03
+4.920000E-03,+196.984923E-03,+207.035174E-03
+4.925000E-03,+198.994973E-03,+209.045224E-03
+4.930000E-03,+198.994973E-03,+206.783917E-03
+4.935000E-03,+196.984923E-03,+206.783917E-03
+4.940000E-03,+198.743716E-03,+207.035174E-03
+4.945000E-03,+198.994973E-03,+207.035174E-03
+4.950000E-03,+198.743716E-03,+209.045224E-03
+4.955000E-03,+198.994973E-03,+209.045224E-03
+4.960000E-03,+196.984923E-03,+209.045224E-03
+4.965000E-03,+196.984923E-03,+206.783917E-03
+4.970000E-03,+198.994973E-03,+209.045224E-03
+4.975000E-03,+198.994973E-03,+206.783917E-03
+4.980000E-03,+201.005023E-03,+207.035174E-03
+4.985000E-03,+198.994973E-03,+206.783917E-03
+4.990000E-03,+198.994973E-03,+209.045224E-03
+4.995000E-03,+201.005023E-03,+209.045224E-03
+5.000000E-03,+198.743716E-03,+209.045224E-03
+5.005000E-03,+201.005023E-03,+209.045224E-03
+5.010000E-03,+198.994973E-03,+209.045224E-03
+5.015000E-03,+196.984923E-03,+209.045224E-03
+5.020000E-03,+198.743716E-03,+206.783917E-03
+5.025000E-03,+196.984923E-03,+209.045224E-03
+5.030000E-03,+198.743716E-03,+209.045224E-03
+5.035000E-03,+201.005023E-03,+209.045224E-03
+5.040000E-03,+198.743716E-03,+209.045224E-03
+5.045000E-03,+198.994973E-03,+209.045224E-03
+5.050000E-03,+196.984923E-03,+209.045224E-03
+5.055000E-03,+198.743716E-03,+209.045224E-03
+5.060000E-03,+201.005023E-03,+209.045224E-03
+5.065000E-03,+198.743716E-03,+209.045224E-03
+5.070000E-03,+201.005023E-03,+209.045224E-03
+5.075000E-03,+198.743716E-03,+209.045224E-03
+5.080000E-03,+198.743716E-03,+209.045224E-03
+5.085000E-03,+198.994973E-03,+209.045224E-03
+5.090000E-03,+201.005023E-03,+207.035174E-03
+5.095000E-03,+198.743716E-03,+209.045224E-03
+5.100000E-03,+196.984923E-03,+207.035174E-03
+5.105000E-03,+198.994973E-03,+209.045224E-03
+5.110000E-03,+201.005023E-03,+209.045224E-03
+5.115000E-03,+196.984923E-03,+209.045224E-03
+5.120000E-03,+198.994973E-03,+206.783917E-03
+5.125000E-03,+198.743716E-03,+207.035174E-03
+5.130000E-03,+196.984923E-03,+209.045224E-03
+5.135000E-03,+198.994973E-03,+207.035174E-03
+5.140000E-03,+201.005023E-03,+209.045224E-03
+5.145000E-03,+196.984923E-03,+209.045224E-03
+5.150000E-03,+201.005023E-03,+209.045224E-03
+5.155000E-03,+201.005023E-03,+209.045224E-03
+5.160000E-03,+198.994973E-03,+209.045224E-03
+5.165000E-03,+201.005023E-03,+209.045224E-03
+5.170000E-03,+201.005023E-03,+209.045224E-03
+5.175000E-03,+198.994973E-03,+209.045224E-03
+5.180000E-03,+198.994973E-03,+209.045224E-03
+5.185000E-03,+196.984923E-03,+207.035174E-03
+5.190000E-03,+198.743716E-03,+209.045224E-03
+5.195000E-03,+196.984923E-03,+209.045224E-03
+5.200000E-03,+198.743716E-03,+209.045224E-03
+5.205000E-03,+196.984923E-03,+209.045224E-03
+5.210000E-03,+198.743716E-03,+209.045224E-03
+5.215000E-03,+196.984923E-03,+209.045224E-03
+5.220000E-03,+198.743716E-03,+209.045224E-03
+5.225000E-03,+201.005023E-03,+207.035174E-03
+5.230000E-03,+201.005023E-03,+206.783917E-03
+5.235000E-03,+201.005023E-03,+209.045224E-03
+5.240000E-03,+201.005023E-03,+209.045224E-03
+5.245000E-03,+196.984923E-03,+209.045224E-03
+5.250000E-03,+198.994973E-03,+209.045224E-03
+5.255000E-03,+198.743716E-03,+209.045224E-03
+5.260000E-03,+198.994973E-03,+209.045224E-03
+5.265000E-03,+198.743716E-03,+209.045224E-03
+5.270000E-03,+198.994973E-03,+209.045224E-03
+5.275000E-03,+196.984923E-03,+206.783917E-03
+5.280000E-03,+201.005023E-03,+209.045224E-03
+5.285000E-03,+198.743716E-03,+209.045224E-03
+5.290000E-03,+196.984923E-03,+209.045224E-03
+5.295000E-03,+198.994973E-03,+209.045224E-03
+5.300000E-03,+201.005023E-03,+209.045224E-03
+5.305000E-03,+198.743716E-03,+209.045224E-03
+5.310000E-03,+198.743716E-03,+207.035174E-03
+5.315000E-03,+198.994973E-03,+209.045224E-03
+5.320000E-03,+198.994973E-03,+209.045224E-03
+5.325000E-03,+198.994973E-03,+207.035174E-03
+5.330000E-03,+196.984923E-03,+209.045224E-03
+5.335000E-03,+196.984923E-03,+206.783917E-03
+5.340000E-03,+201.005023E-03,+209.045224E-03
+5.345000E-03,+201.005023E-03,+209.045224E-03
+5.350000E-03,+196.984923E-03,+206.783917E-03
+5.355000E-03,+198.743716E-03,+206.783917E-03
+5.360000E-03,+198.743716E-03,+209.045224E-03
+5.365000E-03,+201.005023E-03,+209.045224E-03
+5.370000E-03,+198.743716E-03,+209.045224E-03
+5.375000E-03,+198.994973E-03,+206.783917E-03
+5.380000E-03,+198.994973E-03,+209.045224E-03
+5.385000E-03,+198.743716E-03,+209.045224E-03
+5.390000E-03,+201.005023E-03,+209.045224E-03
+5.395000E-03,+196.984923E-03,+209.045224E-03
+5.400000E-03,+198.743716E-03,+209.045224E-03
+5.405000E-03,+198.994973E-03,+206.783917E-03
+5.410000E-03,+196.984923E-03,+207.035174E-03
+5.415000E-03,+198.994973E-03,+206.783917E-03
+5.420000E-03,+196.984923E-03,+209.045224E-03
+5.425000E-03,+196.984923E-03,+209.045224E-03
+5.430000E-03,+198.743716E-03,+209.045224E-03
+5.435000E-03,+196.984923E-03,+209.045224E-03
+5.440000E-03,+196.984923E-03,+209.045224E-03
+5.445000E-03,+196.984923E-03,+209.045224E-03
+5.450000E-03,+198.994973E-03,+205.025123E-03
+5.455000E-03,+201.005023E-03,+207.035174E-03
+5.460000E-03,+196.984923E-03,+209.045224E-03
+5.465000E-03,+196.984923E-03,+209.045224E-03
+5.470000E-03,+198.994973E-03,+209.045224E-03
+5.475000E-03,+198.994973E-03,+209.045224E-03
+5.480000E-03,+201.005023E-03,+209.045224E-03
+5.485000E-03,+198.743716E-03,+209.045224E-03
+5.490000E-03,+196.984923E-03,+209.045224E-03
+5.495000E-03,+196.984923E-03,+209.045224E-03
+5.500000E-03,+196.984923E-03,+209.045224E-03
+5.505000E-03,+196.984923E-03,+209.045224E-03
+5.510000E-03,+198.994973E-03,+209.045224E-03
+5.515000E-03,+198.994973E-03,+209.045224E-03
+5.520000E-03,+198.994973E-03,+209.045224E-03
+5.525000E-03,+201.005023E-03,+209.045224E-03
+5.530000E-03,+196.984923E-03,+206.783917E-03
+5.535000E-03,+196.984923E-03,+209.045224E-03
+5.540000E-03,+198.743716E-03,+206.783917E-03
+5.545000E-03,+198.743716E-03,+209.045224E-03
+5.550000E-03,+201.005023E-03,+209.045224E-03
+5.555000E-03,+196.984923E-03,+209.045224E-03
+5.560000E-03,+198.743716E-03,+209.045224E-03
+5.565000E-03,+198.743716E-03,+209.045224E-03
+5.570000E-03,+198.743716E-03,+209.045224E-03
+5.575000E-03,+198.743716E-03,+209.045224E-03
+5.580000E-03,+201.005023E-03,+209.045224E-03
+5.585000E-03,+198.994973E-03,+209.045224E-03
+5.590000E-03,+198.743716E-03,+209.045224E-03
+5.595000E-03,+198.743716E-03,+209.045224E-03
+5.600000E-03,+198.994973E-03,+209.045224E-03
+5.605000E-03,+198.743716E-03,+209.045224E-03
+5.610000E-03,+201.005023E-03,+206.783917E-03
+5.615000E-03,+198.743716E-03,+209.045224E-03
+5.620000E-03,+201.005023E-03,+207.035174E-03
+5.625000E-03,+201.005023E-03,+209.045224E-03
+5.630000E-03,+198.994973E-03,+209.045224E-03
+5.635000E-03,+198.743716E-03,+209.045224E-03
+5.640000E-03,+198.743716E-03,+207.035174E-03
+5.645000E-03,+198.994973E-03,+209.045224E-03
+5.650000E-03,+198.994973E-03,+209.045224E-03
+5.655000E-03,+196.984923E-03,+209.045224E-03
+5.660000E-03,+201.005023E-03,+207.035174E-03
+5.665000E-03,+201.005023E-03,+209.045224E-03
+5.670000E-03,+198.994973E-03,+209.045224E-03
+5.675000E-03,+201.005023E-03,+209.045224E-03
+5.680000E-03,+198.743716E-03,+209.045224E-03
+5.685000E-03,+198.994973E-03,+209.045224E-03
+5.690000E-03,+196.984923E-03,+209.045224E-03
+5.695000E-03,+196.984923E-03,+209.045224E-03
+5.700000E-03,+198.743716E-03,+209.045224E-03
+5.705000E-03,+196.984923E-03,+209.045224E-03
+5.710000E-03,+196.984923E-03,+209.045224E-03
+5.715000E-03,+201.005023E-03,+209.045224E-03
+5.720000E-03,+201.005023E-03,+209.045224E-03
+5.725000E-03,+198.743716E-03,+209.045224E-03
+5.730000E-03,+198.743716E-03,+209.045224E-03
+5.735000E-03,+196.984923E-03,+209.045224E-03
+5.740000E-03,+196.984923E-03,+209.045224E-03
+5.745000E-03,+196.984923E-03,+209.045224E-03
+5.750000E-03,+201.005023E-03,+209.045224E-03
+5.755000E-03,+201.005023E-03,+209.045224E-03
+5.760000E-03,+201.005023E-03,+209.045224E-03
+5.765000E-03,+201.005023E-03,+209.045224E-03
+5.770000E-03,+196.984923E-03,+209.045224E-03
+5.775000E-03,+198.994973E-03,+209.045224E-03
+5.780000E-03,+198.994973E-03,+209.045224E-03
+5.785000E-03,+198.994973E-03,+209.045224E-03
+5.790000E-03,+201.005023E-03,+209.045224E-03
+5.795000E-03,+198.743716E-03,+209.045224E-03
+5.800000E-03,+198.743716E-03,+209.045224E-03
+5.805000E-03,+198.743716E-03,+209.045224E-03
+5.810000E-03,+196.984923E-03,+209.045224E-03
+5.815000E-03,+196.984923E-03,+209.045224E-03
+5.820000E-03,+196.984923E-03,+209.045224E-03
+5.825000E-03,+201.005023E-03,+209.045224E-03
+5.830000E-03,+198.743716E-03,+211.055274E-03
+5.835000E-03,+198.743716E-03,+209.045224E-03
+5.840000E-03,+198.743716E-03,+209.045224E-03
+5.845000E-03,+198.994973E-03,+209.045224E-03
+5.850000E-03,+201.005023E-03,+209.045224E-03
+5.855000E-03,+196.984923E-03,+209.045224E-03
+5.860000E-03,+201.005023E-03,+209.045224E-03
+5.865000E-03,+196.984923E-03,+206.783917E-03
+5.870000E-03,+196.984923E-03,+209.045224E-03
+5.875000E-03,+196.984923E-03,+209.045224E-03
+5.880000E-03,+198.994973E-03,+209.045224E-03
+5.885000E-03,+201.005023E-03,+209.045224E-03
+5.890000E-03,+198.994973E-03,+209.045224E-03
+5.895000E-03,+198.743716E-03,+209.045224E-03
+5.900000E-03,+198.743716E-03,+209.045224E-03
+5.905000E-03,+201.005023E-03,+209.045224E-03
+5.910000E-03,+198.994973E-03,+209.045224E-03
+5.915000E-03,+198.743716E-03,+207.035174E-03
+5.920000E-03,+196.984923E-03,+209.045224E-03
+5.925000E-03,+198.743716E-03,+209.045224E-03
+5.930000E-03,+201.005023E-03,+209.045224E-03
+5.935000E-03,+198.994973E-03,+207.035174E-03
+5.940000E-03,+198.994973E-03,+209.045224E-03
+5.945000E-03,+201.005023E-03,+209.045224E-03
+5.950000E-03,+198.994973E-03,+209.045224E-03
+5.955000E-03,+198.994973E-03,+209.045224E-03
+5.960000E-03,+201.005023E-03,+209.045224E-03
+5.965000E-03,+198.994973E-03,+209.045224E-03
+5.970000E-03,+201.005023E-03,+209.045224E-03
+5.975000E-03,+196.984923E-03,+209.045224E-03
+5.980000E-03,+198.743716E-03,+209.045224E-03
+5.985000E-03,+196.984923E-03,+209.045224E-03
+5.990000E-03,+201.005023E-03,+209.045224E-03
+5.995000E-03,+196.984923E-03,+209.045224E-03
+6.000000E-03,+198.743716E-03,+207.035174E-03
+6.005000E-03,+198.743716E-03,+209.045224E-03
+6.010000E-03,+198.743716E-03,+209.045224E-03
+6.015000E-03,+196.984923E-03,+207.035174E-03
+6.020000E-03,+196.984923E-03,+209.045224E-03
+6.025000E-03,+198.743716E-03,+209.045224E-03
+6.030000E-03,+201.005023E-03,+209.045224E-03
+6.035000E-03,+201.005023E-03,+209.045224E-03
+6.040000E-03,+196.984923E-03,+209.045224E-03
+6.045000E-03,+198.743716E-03,+209.045224E-03
+6.050000E-03,+198.743716E-03,+209.045224E-03
+6.055000E-03,+198.994973E-03,+209.045224E-03
+6.060000E-03,+201.005023E-03,+207.035174E-03
+6.065000E-03,+198.994973E-03,+206.783917E-03
+6.070000E-03,+196.984923E-03,+205.025123E-03
+6.075000E-03,+196.984923E-03,+209.045224E-03
+6.080000E-03,+196.984923E-03,+209.045224E-03
+6.085000E-03,+201.005023E-03,+209.045224E-03
+6.090000E-03,+198.743716E-03,+209.045224E-03
+6.095000E-03,+198.994973E-03,+209.045224E-03
+6.100000E-03,+201.005023E-03,+209.045224E-03
+6.105000E-03,+198.743716E-03,+209.045224E-03
+6.110000E-03,+198.994973E-03,+209.045224E-03
+6.115000E-03,+198.743716E-03,+209.045224E-03
+6.120000E-03,+198.743716E-03,+209.045224E-03
+6.125000E-03,+201.005023E-03,+209.045224E-03
+6.130000E-03,+198.743716E-03,+209.045224E-03
+6.135000E-03,+198.994973E-03,+209.045224E-03
+6.140000E-03,+201.005023E-03,+209.045224E-03
+6.145000E-03,+198.743716E-03,+209.045224E-03
+6.150000E-03,+198.994973E-03,+209.045224E-03
+6.155000E-03,+201.005023E-03,+209.045224E-03
+6.160000E-03,+198.743716E-03,+209.045224E-03
+6.165000E-03,+198.994973E-03,+207.035174E-03
+6.170000E-03,+201.005023E-03,+209.045224E-03
+6.175000E-03,+201.005023E-03,+209.045224E-03
+6.180000E-03,+198.743716E-03,+209.045224E-03
+6.185000E-03,+196.984923E-03,+209.045224E-03
+6.190000E-03,+198.994973E-03,+209.045224E-03
+6.195000E-03,+201.005023E-03,+209.045224E-03
+6.200000E-03,+198.994973E-03,+209.045224E-03
+6.205000E-03,+198.743716E-03,+209.045224E-03
+6.210000E-03,+201.005023E-03,+209.045224E-03
+6.215000E-03,+201.005023E-03,+209.045224E-03
+6.220000E-03,+198.994973E-03,+206.783917E-03
+6.225000E-03,+196.984923E-03,+209.045224E-03
+6.230000E-03,+201.005023E-03,+209.045224E-03
+6.235000E-03,+198.994973E-03,+209.045224E-03
+6.240000E-03,+201.005023E-03,+209.045224E-03
+6.245000E-03,+201.005023E-03,+209.045224E-03
+6.250000E-03,+198.743716E-03,+209.045224E-03
+6.255000E-03,+198.743716E-03,+209.045224E-03
+6.260000E-03,+198.743716E-03,+209.045224E-03
+6.265000E-03,+201.005023E-03,+209.045224E-03
+6.270000E-03,+198.743716E-03,+206.783917E-03
+6.275000E-03,+196.984923E-03,+207.035174E-03
+6.280000E-03,+201.005023E-03,+209.045224E-03
+6.285000E-03,+198.743716E-03,+209.045224E-03
+6.290000E-03,+201.005023E-03,+209.045224E-03
+6.295000E-03,+201.005023E-03,+209.045224E-03
+6.300000E-03,+196.984923E-03,+209.045224E-03
+6.305000E-03,+201.005023E-03,+209.045224E-03
+6.310000E-03,+198.994973E-03,+209.045224E-03
+6.315000E-03,+196.984923E-03,+209.045224E-03
+6.320000E-03,+198.994973E-03,+209.045224E-03
+6.325000E-03,+198.743716E-03,+209.045224E-03
+6.330000E-03,+198.994973E-03,+207.035174E-03
+6.335000E-03,+198.743716E-03,+209.045224E-03
+6.340000E-03,+196.984923E-03,+209.045224E-03
+6.345000E-03,+198.743716E-03,+209.045224E-03
+6.350000E-03,+196.984923E-03,+209.045224E-03
+6.355000E-03,+201.005023E-03,+209.045224E-03
+6.360000E-03,+198.743716E-03,+209.045224E-03
+6.365000E-03,+196.984923E-03,+209.045224E-03
+6.370000E-03,+198.994973E-03,+209.045224E-03
+6.375000E-03,+201.005023E-03,+207.035174E-03
+6.380000E-03,+201.005023E-03,+209.045224E-03
+6.385000E-03,+198.994973E-03,+207.035174E-03
+6.390000E-03,+201.005023E-03,+206.783917E-03
+6.395000E-03,+198.743716E-03,+209.045224E-03
+6.400000E-03,+198.743716E-03,+209.045224E-03
+6.405000E-03,+198.743716E-03,+209.045224E-03
+6.410000E-03,+201.005023E-03,+209.045224E-03
+6.415000E-03,+198.994973E-03,+206.783917E-03
+6.420000E-03,+196.984923E-03,+209.045224E-03
+6.425000E-03,+198.994973E-03,+209.045224E-03
+6.430000E-03,+201.005023E-03,+209.045224E-03
+6.435000E-03,+198.743716E-03,+209.045224E-03
+6.440000E-03,+201.005023E-03,+209.045224E-03
+6.445000E-03,+198.743716E-03,+209.045224E-03
+6.450000E-03,+198.994973E-03,+209.045224E-03
+6.455000E-03,+198.743716E-03,+209.045224E-03
+6.460000E-03,+196.984923E-03,+209.045224E-03
+6.465000E-03,+201.005023E-03,+209.045224E-03
+6.470000E-03,+196.984923E-03,+209.045224E-03
+6.475000E-03,+201.005023E-03,+209.045224E-03
+6.480000E-03,+198.994973E-03,+209.045224E-03
+6.485000E-03,+196.984923E-03,+209.045224E-03
+6.490000E-03,+198.994973E-03,+209.045224E-03
+6.495000E-03,+198.743716E-03,+206.783917E-03
+6.500000E-03,+201.005023E-03,+209.045224E-03
+6.505000E-03,+198.743716E-03,+209.045224E-03
+6.510000E-03,+201.005023E-03,+209.045224E-03
+6.515000E-03,+198.994973E-03,+209.045224E-03
+6.520000E-03,+198.743716E-03,+209.045224E-03
+6.525000E-03,+196.984923E-03,+209.045224E-03
+6.530000E-03,+198.994973E-03,+207.035174E-03
+6.535000E-03,+201.005023E-03,+207.035174E-03
+6.540000E-03,+201.005023E-03,+206.783917E-03
+6.545000E-03,+201.005023E-03,+209.045224E-03
+6.550000E-03,+201.005023E-03,+209.045224E-03
+6.555000E-03,+198.994973E-03,+209.045224E-03
+6.560000E-03,+196.984923E-03,+209.045224E-03
+6.565000E-03,+201.005023E-03,+209.045224E-03
+6.570000E-03,+201.005023E-03,+209.045224E-03
+6.575000E-03,+196.984923E-03,+209.045224E-03
+6.580000E-03,+198.743716E-03,+209.045224E-03
+6.585000E-03,+201.005023E-03,+209.045224E-03
+6.590000E-03,+201.005023E-03,+209.045224E-03
+6.595000E-03,+196.984923E-03,+209.045224E-03
+6.600000E-03,+201.005023E-03,+209.045224E-03
+6.605000E-03,+198.994973E-03,+209.045224E-03
+6.610000E-03,+198.743716E-03,+209.045224E-03
+6.615000E-03,+198.743716E-03,+209.045224E-03
+6.620000E-03,+201.005023E-03,+209.045224E-03
+6.625000E-03,+201.005023E-03,+209.045224E-03
+6.630000E-03,+196.984923E-03,+209.045224E-03
+6.635000E-03,+196.984923E-03,+209.045224E-03
+6.640000E-03,+196.984923E-03,+209.045224E-03
+6.645000E-03,+196.984923E-03,+209.045224E-03
+6.650000E-03,+196.984923E-03,+209.045224E-03
+6.655000E-03,+201.005023E-03,+209.045224E-03
+6.660000E-03,+198.994973E-03,+209.045224E-03
+6.665000E-03,+196.984923E-03,+209.045224E-03
+6.670000E-03,+196.984923E-03,+206.783917E-03
+6.675000E-03,+198.743716E-03,+209.045224E-03
+6.680000E-03,+198.994973E-03,+209.045224E-03
+6.685000E-03,+201.005023E-03,+209.045224E-03
+6.690000E-03,+201.005023E-03,+209.045224E-03
+6.695000E-03,+196.984923E-03,+209.045224E-03
+6.700000E-03,+196.984923E-03,+209.045224E-03
+6.705000E-03,+196.984923E-03,+209.045224E-03
+6.710000E-03,+201.005023E-03,+209.045224E-03
+6.715000E-03,+201.005023E-03,+209.045224E-03
+6.720000E-03,+201.005023E-03,+209.045224E-03
+6.725000E-03,+198.743716E-03,+209.045224E-03
+6.730000E-03,+198.743716E-03,+209.045224E-03
+6.735000E-03,+201.005023E-03,+209.045224E-03
+6.740000E-03,+201.005023E-03,+209.045224E-03
+6.745000E-03,+196.984923E-03,+209.045224E-03
+6.750000E-03,+196.984923E-03,+209.045224E-03
+6.755000E-03,+196.984923E-03,+209.045224E-03
+6.760000E-03,+198.743716E-03,+209.045224E-03
+6.765000E-03,+196.984923E-03,+209.045224E-03
+6.770000E-03,+198.994973E-03,+209.045224E-03
+6.775000E-03,+201.005023E-03,+209.045224E-03
+6.780000E-03,+198.743716E-03,+209.045224E-03
+6.785000E-03,+198.743716E-03,+209.045224E-03
+6.790000E-03,+196.984923E-03,+209.045224E-03
+6.795000E-03,+201.005023E-03,+209.045224E-03
+6.800000E-03,+196.984923E-03,+206.783917E-03
+6.805000E-03,+198.994973E-03,+209.045224E-03
+6.810000E-03,+198.743716E-03,+209.045224E-03
+6.815000E-03,+196.984923E-03,+209.045224E-03
+6.820000E-03,+201.005023E-03,+207.035174E-03
+6.825000E-03,+198.994973E-03,+207.035174E-03
+6.830000E-03,+198.743716E-03,+209.045224E-03
+6.835000E-03,+196.984923E-03,+209.045224E-03
+6.840000E-03,+198.743716E-03,+209.045224E-03
+6.845000E-03,+198.994973E-03,+207.035174E-03
+6.850000E-03,+196.984923E-03,+209.045224E-03
+6.855000E-03,+198.743716E-03,+209.045224E-03
+6.860000E-03,+196.984923E-03,+209.045224E-03
+6.865000E-03,+198.994973E-03,+207.035174E-03
+6.870000E-03,+198.994973E-03,+209.045224E-03
+6.875000E-03,+201.005023E-03,+209.045224E-03
+6.880000E-03,+198.994973E-03,+209.045224E-03
+6.885000E-03,+201.005023E-03,+209.045224E-03
+6.890000E-03,+198.743716E-03,+211.055274E-03
+6.895000E-03,+198.994973E-03,+209.045224E-03
+6.900000E-03,+201.005023E-03,+209.045224E-03
+6.905000E-03,+201.005023E-03,+207.035174E-03
+6.910000E-03,+198.994973E-03,+209.045224E-03
+6.915000E-03,+201.005023E-03,+209.045224E-03
+6.920000E-03,+198.743716E-03,+207.035174E-03
+6.925000E-03,+198.994973E-03,+209.045224E-03
+6.930000E-03,+201.005023E-03,+209.045224E-03
+6.935000E-03,+198.994973E-03,+209.045224E-03
+6.940000E-03,+201.005023E-03,+209.045224E-03
+6.945000E-03,+201.005023E-03,+209.045224E-03
+6.950000E-03,+201.005023E-03,+209.045224E-03
+6.955000E-03,+198.743716E-03,+209.045224E-03
+6.960000E-03,+198.743716E-03,+209.045224E-03
+6.965000E-03,+198.994973E-03,+209.045224E-03
+6.970000E-03,+198.743716E-03,+209.045224E-03
+6.975000E-03,+198.994973E-03,+209.045224E-03
+6.980000E-03,+201.005023E-03,+209.045224E-03
+6.985000E-03,+201.005023E-03,+207.035174E-03
+6.990000E-03,+198.994973E-03,+206.783917E-03
+6.995000E-03,+201.005023E-03,+209.045224E-03
+7.000000E-03,+198.743716E-03,+209.045224E-03
+7.005000E-03,+196.984923E-03,+209.045224E-03
+7.010000E-03,+198.743716E-03,+209.045224E-03
+7.015000E-03,+196.984923E-03,+209.045224E-03
+7.020000E-03,+196.984923E-03,+209.045224E-03
+7.025000E-03,+201.005023E-03,+206.783917E-03
+7.030000E-03,+201.005023E-03,+209.045224E-03
+7.035000E-03,+201.005023E-03,+209.045224E-03
+7.040000E-03,+198.994973E-03,+209.045224E-03
+7.045000E-03,+201.005023E-03,+209.045224E-03
+7.050000E-03,+198.994973E-03,+209.045224E-03
+7.055000E-03,+201.005023E-03,+209.045224E-03
+7.060000E-03,+196.984923E-03,+209.045224E-03
+7.065000E-03,+196.984923E-03,+207.035174E-03
+7.070000E-03,+198.743716E-03,+209.045224E-03
+7.075000E-03,+198.743716E-03,+209.045224E-03
+7.080000E-03,+198.994973E-03,+209.045224E-03
+7.085000E-03,+201.005023E-03,+209.045224E-03
+7.090000E-03,+201.005023E-03,+209.045224E-03
+7.095000E-03,+198.994973E-03,+209.045224E-03
+7.100000E-03,+198.994973E-03,+209.045224E-03
+7.105000E-03,+198.994973E-03,+209.045224E-03
+7.110000E-03,+201.005023E-03,+209.045224E-03
+7.115000E-03,+198.994973E-03,+209.045224E-03
+7.120000E-03,+198.743716E-03,+210.804018E-03
+7.125000E-03,+196.984923E-03,+209.045224E-03
+7.130000E-03,+198.743716E-03,+206.783917E-03
+7.135000E-03,+196.984923E-03,+209.045224E-03
+7.140000E-03,+198.743716E-03,+206.783917E-03
+7.145000E-03,+198.743716E-03,+207.035174E-03
+7.150000E-03,+198.994973E-03,+209.045224E-03
+7.155000E-03,+201.005023E-03,+209.045224E-03
+7.160000E-03,+196.984923E-03,+209.045224E-03
+7.165000E-03,+198.743716E-03,+209.045224E-03
+7.170000E-03,+196.984923E-03,+210.804018E-03
+7.175000E-03,+198.743716E-03,+209.045224E-03
+7.180000E-03,+196.984923E-03,+209.045224E-03
+7.185000E-03,+196.984923E-03,+209.045224E-03
+7.190000E-03,+196.984923E-03,+209.045224E-03
+7.195000E-03,+196.984923E-03,+209.045224E-03
+7.200000E-03,+201.005023E-03,+209.045224E-03
+7.205000E-03,+198.994973E-03,+209.045224E-03
+7.210000E-03,+198.743716E-03,+209.045224E-03
+7.215000E-03,+198.743716E-03,+209.045224E-03
+7.220000E-03,+198.994973E-03,+209.045224E-03
+7.225000E-03,+201.005023E-03,+209.045224E-03
+7.230000E-03,+198.743716E-03,+209.045224E-03
+7.235000E-03,+196.984923E-03,+209.045224E-03
+7.240000E-03,+201.005023E-03,+209.045224E-03
+7.245000E-03,+201.005023E-03,+209.045224E-03
+7.250000E-03,+198.994973E-03,+206.783917E-03
+7.255000E-03,+198.743716E-03,+209.045224E-03
+7.260000E-03,+198.994973E-03,+209.045224E-03
+7.265000E-03,+201.005023E-03,+209.045224E-03
+7.270000E-03,+198.994973E-03,+209.045224E-03
+7.275000E-03,+201.005023E-03,+209.045224E-03
+7.280000E-03,+198.743716E-03,+209.045224E-03
+7.285000E-03,+201.005023E-03,+209.045224E-03
+7.290000E-03,+198.994973E-03,+209.045224E-03
+7.295000E-03,+198.994973E-03,+209.045224E-03
+7.300000E-03,+201.005023E-03,+209.045224E-03
+7.305000E-03,+201.005023E-03,+209.045224E-03
+7.310000E-03,+198.743716E-03,+209.045224E-03
+7.315000E-03,+198.743716E-03,+209.045224E-03
+7.320000E-03,+201.005023E-03,+209.045224E-03
+7.325000E-03,+198.743716E-03,+209.045224E-03
+7.330000E-03,+198.994973E-03,+209.045224E-03
+7.335000E-03,+201.005023E-03,+207.035174E-03
+7.340000E-03,+198.743716E-03,+209.045224E-03
+7.345000E-03,+198.994973E-03,+209.045224E-03
+7.350000E-03,+198.743716E-03,+207.035174E-03
+7.355000E-03,+198.743716E-03,+209.045224E-03
+7.360000E-03,+201.005023E-03,+209.045224E-03
+7.365000E-03,+196.984923E-03,+209.045224E-03
+7.370000E-03,+201.005023E-03,+209.045224E-03
+7.375000E-03,+198.743716E-03,+209.045224E-03
+7.380000E-03,+201.005023E-03,+209.045224E-03
+7.385000E-03,+198.743716E-03,+209.045224E-03
+7.390000E-03,+198.743716E-03,+209.045224E-03
+7.395000E-03,+201.005023E-03,+209.045224E-03
+7.400000E-03,+201.005023E-03,+209.045224E-03
+7.405000E-03,+198.994973E-03,+209.045224E-03
+7.410000E-03,+198.743716E-03,+209.045224E-03
+7.415000E-03,+196.984923E-03,+209.045224E-03
+7.420000E-03,+198.994973E-03,+209.045224E-03
+7.425000E-03,+198.994973E-03,+209.045224E-03
+7.430000E-03,+196.984923E-03,+209.045224E-03
+7.435000E-03,+196.984923E-03,+209.045224E-03
+7.440000E-03,+196.984923E-03,+209.045224E-03
+7.445000E-03,+201.005023E-03,+209.045224E-03
+7.450000E-03,+198.994973E-03,+209.045224E-03
+7.455000E-03,+201.005023E-03,+209.045224E-03
+7.460000E-03,+201.005023E-03,+209.045224E-03
+7.465000E-03,+201.005023E-03,+207.035174E-03
+7.470000E-03,+198.994973E-03,+209.045224E-03
+7.475000E-03,+198.994973E-03,+209.045224E-03
+7.480000E-03,+198.743716E-03,+209.045224E-03
+7.485000E-03,+196.984923E-03,+209.045224E-03
+7.490000E-03,+196.984923E-03,+209.045224E-03
+7.495000E-03,+198.743716E-03,+209.045224E-03
+7.500000E-03,+196.984923E-03,+209.045224E-03
+7.505000E-03,+196.984923E-03,+209.045224E-03
+7.510000E-03,+198.994973E-03,+209.045224E-03
+7.515000E-03,+196.984923E-03,+209.045224E-03
+7.520000E-03,+198.743716E-03,+209.045224E-03
+7.525000E-03,+198.743716E-03,+209.045224E-03
+7.530000E-03,+201.005023E-03,+209.045224E-03
+7.535000E-03,+198.994973E-03,+209.045224E-03
+7.540000E-03,+198.743716E-03,+209.045224E-03
+7.545000E-03,+196.984923E-03,+209.045224E-03
+7.550000E-03,+196.984923E-03,+209.045224E-03
+7.555000E-03,+198.743716E-03,+209.045224E-03
+7.560000E-03,+198.994973E-03,+209.045224E-03
+7.565000E-03,+198.994973E-03,+209.045224E-03
+7.570000E-03,+201.005023E-03,+209.045224E-03
+7.575000E-03,+201.005023E-03,+209.045224E-03
+7.580000E-03,+201.005023E-03,+209.045224E-03
+7.585000E-03,+198.994973E-03,+209.045224E-03
+7.590000E-03,+196.984923E-03,+209.045224E-03
+7.595000E-03,+201.005023E-03,+209.045224E-03
+7.600000E-03,+198.994973E-03,+209.045224E-03
+7.605000E-03,+196.984923E-03,+209.045224E-03
+7.610000E-03,+201.005023E-03,+209.045224E-03
+7.615000E-03,+196.984923E-03,+206.783917E-03
+7.620000E-03,+196.984923E-03,+209.045224E-03
+7.625000E-03,+201.005023E-03,+209.045224E-03
+7.630000E-03,+196.984923E-03,+209.045224E-03
+7.635000E-03,+196.984923E-03,+209.045224E-03
+7.640000E-03,+201.005023E-03,+211.055274E-03
+7.645000E-03,+201.005023E-03,+209.045224E-03
+7.650000E-03,+201.005023E-03,+209.045224E-03
+7.655000E-03,+198.743716E-03,+209.045224E-03
+7.660000E-03,+196.984923E-03,+209.045224E-03
+7.665000E-03,+196.984923E-03,+209.045224E-03
+7.670000E-03,+198.994973E-03,+207.035174E-03
+7.675000E-03,+196.984923E-03,+209.045224E-03
+7.680000E-03,+198.743716E-03,+209.045224E-03
+7.685000E-03,+201.005023E-03,+209.045224E-03
+7.690000E-03,+196.984923E-03,+209.045224E-03
+7.695000E-03,+198.743716E-03,+209.045224E-03
+7.700000E-03,+198.743716E-03,+209.045224E-03
+7.705000E-03,+198.994973E-03,+209.045224E-03
+7.710000E-03,+198.743716E-03,+210.804018E-03
+7.715000E-03,+198.743716E-03,+209.045224E-03
+7.720000E-03,+196.984923E-03,+209.045224E-03
+7.725000E-03,+201.005023E-03,+209.045224E-03
+7.730000E-03,+201.005023E-03,+209.045224E-03
+7.735000E-03,+201.005023E-03,+209.045224E-03
+7.740000E-03,+201.005023E-03,+209.045224E-03
+7.745000E-03,+201.005023E-03,+209.045224E-03
+7.750000E-03,+201.005023E-03,+209.045224E-03
+7.755000E-03,+198.743716E-03,+209.045224E-03
+7.760000E-03,+198.743716E-03,+209.045224E-03
+7.765000E-03,+196.984923E-03,+209.045224E-03
+7.770000E-03,+201.005023E-03,+209.045224E-03
+7.775000E-03,+198.994973E-03,+209.045224E-03
+7.780000E-03,+198.743716E-03,+209.045224E-03
+7.785000E-03,+198.994973E-03,+206.783917E-03
+7.790000E-03,+198.994973E-03,+209.045224E-03
+7.795000E-03,+201.005023E-03,+209.045224E-03
+7.800000E-03,+201.005023E-03,+209.045224E-03
+7.805000E-03,+201.005023E-03,+209.045224E-03
+7.810000E-03,+196.984923E-03,+209.045224E-03
+7.815000E-03,+198.994973E-03,+209.045224E-03
+7.820000E-03,+196.984923E-03,+209.045224E-03
+7.825000E-03,+198.743716E-03,+209.045224E-03
+7.830000E-03,+198.743716E-03,+209.045224E-03
+7.835000E-03,+201.005023E-03,+209.045224E-03
+7.840000E-03,+198.743716E-03,+209.045224E-03
+7.845000E-03,+198.743716E-03,+210.804018E-03
+7.850000E-03,+198.743716E-03,+209.045224E-03
+7.855000E-03,+198.994973E-03,+209.045224E-03
+7.860000E-03,+198.743716E-03,+209.045224E-03
+7.865000E-03,+198.743716E-03,+209.045224E-03
+7.870000E-03,+196.984923E-03,+207.035174E-03
+7.875000E-03,+201.005023E-03,+209.045224E-03
+7.880000E-03,+198.743716E-03,+209.045224E-03
+7.885000E-03,+198.994973E-03,+209.045224E-03
+7.890000E-03,+201.005023E-03,+209.045224E-03
+7.895000E-03,+201.005023E-03,+209.045224E-03
+7.900000E-03,+198.743716E-03,+209.045224E-03
+7.905000E-03,+201.005023E-03,+209.045224E-03
+7.910000E-03,+196.984923E-03,+209.045224E-03
+7.915000E-03,+198.743716E-03,+209.045224E-03
+7.920000E-03,+201.005023E-03,+209.045224E-03
+7.925000E-03,+201.005023E-03,+209.045224E-03
+7.930000E-03,+196.984923E-03,+209.045224E-03
+7.935000E-03,+198.994973E-03,+209.045224E-03
+7.940000E-03,+196.984923E-03,+209.045224E-03
+7.945000E-03,+198.994973E-03,+209.045224E-03
+7.950000E-03,+198.743716E-03,+209.045224E-03
+7.955000E-03,+196.984923E-03,+209.045224E-03
+7.960000E-03,+201.005023E-03,+207.035174E-03
+7.965000E-03,+198.994973E-03,+209.045224E-03
+7.970000E-03,+201.005023E-03,+209.045224E-03
+7.975000E-03,+201.005023E-03,+209.045224E-03
+7.980000E-03,+198.994973E-03,+207.035174E-03
+7.985000E-03,+201.005023E-03,+209.045224E-03
+7.990000E-03,+201.005023E-03,+209.045224E-03
+7.995000E-03,+198.743716E-03,+209.045224E-03
+8.000000E-03,+196.984923E-03,+207.035174E-03
+8.005000E-03,+198.994973E-03,+209.045224E-03
+8.010000E-03,+198.743716E-03,+209.045224E-03
+8.015000E-03,+196.984923E-03,+209.045224E-03
+8.020000E-03,+196.984923E-03,+209.045224E-03
+8.025000E-03,+201.005023E-03,+209.045224E-03
+8.030000E-03,+201.005023E-03,+209.045224E-03
+8.035000E-03,+198.743716E-03,+209.045224E-03
+8.040000E-03,+196.984923E-03,+209.045224E-03
+8.045000E-03,+198.743716E-03,+210.804018E-03
+8.050000E-03,+198.994973E-03,+209.045224E-03
+8.055000E-03,+196.984923E-03,+209.045224E-03
+8.060000E-03,+196.984923E-03,+209.045224E-03
+8.065000E-03,+196.984923E-03,+209.045224E-03
+8.070000E-03,+198.743716E-03,+209.045224E-03
+8.075000E-03,+198.994973E-03,+209.045224E-03
+8.080000E-03,+201.005023E-03,+209.045224E-03
+8.085000E-03,+196.984923E-03,+209.045224E-03
+8.090000E-03,+196.984923E-03,+209.045224E-03
+8.095000E-03,+201.005023E-03,+206.783917E-03
+8.100000E-03,+201.005023E-03,+209.045224E-03
+8.105000E-03,+196.984923E-03,+209.045224E-03
+8.110000E-03,+196.984923E-03,+209.045224E-03
+8.115000E-03,+201.005023E-03,+209.045224E-03
+8.120000E-03,+198.994973E-03,+207.035174E-03
+8.125000E-03,+198.743716E-03,+209.045224E-03
+8.130000E-03,+198.994973E-03,+211.055274E-03
+8.135000E-03,+201.005023E-03,+209.045224E-03
+8.140000E-03,+201.005023E-03,+209.045224E-03
+8.145000E-03,+201.005023E-03,+209.045224E-03
+8.150000E-03,+201.005023E-03,+209.045224E-03
+8.155000E-03,+198.743716E-03,+209.045224E-03
+8.160000E-03,+201.005023E-03,+209.045224E-03
+8.165000E-03,+198.743716E-03,+209.045224E-03
+8.170000E-03,+201.005023E-03,+209.045224E-03
+8.175000E-03,+201.005023E-03,+209.045224E-03
+8.180000E-03,+196.984923E-03,+206.783917E-03
+8.185000E-03,+198.994973E-03,+209.045224E-03
+8.190000E-03,+198.743716E-03,+209.045224E-03
+8.195000E-03,+198.743716E-03,+209.045224E-03
+8.200000E-03,+198.743716E-03,+209.045224E-03
+8.205000E-03,+201.005023E-03,+209.045224E-03
+8.210000E-03,+201.005023E-03,+206.783917E-03
+8.215000E-03,+196.984923E-03,+209.045224E-03
+8.220000E-03,+198.743716E-03,+209.045224E-03
+8.225000E-03,+198.994973E-03,+209.045224E-03
+8.230000E-03,+198.994973E-03,+209.045224E-03
+8.235000E-03,+198.994973E-03,+209.045224E-03
+8.240000E-03,+196.984923E-03,+209.045224E-03
+8.245000E-03,+196.984923E-03,+209.045224E-03
+8.250000E-03,+198.994973E-03,+209.045224E-03
+8.255000E-03,+201.005023E-03,+209.045224E-03
+8.260000E-03,+198.994973E-03,+209.045224E-03
+8.265000E-03,+198.743716E-03,+209.045224E-03
+8.270000E-03,+198.743716E-03,+209.045224E-03
+8.275000E-03,+196.984923E-03,+209.045224E-03
+8.280000E-03,+198.994973E-03,+209.045224E-03
+8.285000E-03,+201.005023E-03,+209.045224E-03
+8.290000E-03,+196.984923E-03,+209.045224E-03
+8.295000E-03,+196.984923E-03,+209.045224E-03
+8.300000E-03,+198.743716E-03,+209.045224E-03
+8.305000E-03,+198.994973E-03,+209.045224E-03
+8.310000E-03,+198.743716E-03,+209.045224E-03
+8.315000E-03,+201.005023E-03,+209.045224E-03
+8.320000E-03,+196.984923E-03,+206.783917E-03
+8.325000E-03,+198.994973E-03,+210.804018E-03
+8.330000E-03,+198.743716E-03,+209.045224E-03
+8.335000E-03,+198.994973E-03,+209.045224E-03
+8.340000E-03,+198.743716E-03,+209.045224E-03
+8.345000E-03,+198.994973E-03,+209.045224E-03
+8.350000E-03,+198.994973E-03,+210.804018E-03
+8.355000E-03,+196.984923E-03,+209.045224E-03
+8.360000E-03,+194.974872E-03,+209.045224E-03
+8.365000E-03,+196.984923E-03,+209.045224E-03
+8.370000E-03,+196.984923E-03,+209.045224E-03
+8.375000E-03,+196.984923E-03,+209.045224E-03
+8.380000E-03,+198.743716E-03,+209.045224E-03
+8.385000E-03,+198.743716E-03,+210.804018E-03
+8.390000E-03,+201.005023E-03,+209.045224E-03
+8.395000E-03,+201.005023E-03,+209.045224E-03
+8.400000E-03,+196.984923E-03,+209.045224E-03
+8.405000E-03,+198.743716E-03,+209.045224E-03
+8.410000E-03,+201.005023E-03,+209.045224E-03
+8.415000E-03,+201.005023E-03,+209.045224E-03
+8.420000E-03,+196.984923E-03,+209.045224E-03
+8.425000E-03,+198.743716E-03,+209.045224E-03
+8.430000E-03,+201.005023E-03,+209.045224E-03
+8.435000E-03,+201.005023E-03,+206.783917E-03
+8.440000E-03,+198.994973E-03,+209.045224E-03
+8.445000E-03,+196.984923E-03,+209.045224E-03
+8.450000E-03,+198.994973E-03,+209.045224E-03
+8.455000E-03,+198.743716E-03,+209.045224E-03
+8.460000E-03,+201.005023E-03,+209.045224E-03
+8.465000E-03,+198.994973E-03,+209.045224E-03
+8.470000E-03,+198.743716E-03,+209.045224E-03
+8.475000E-03,+201.005023E-03,+209.045224E-03
+8.480000E-03,+198.743716E-03,+209.045224E-03
+8.485000E-03,+198.743716E-03,+209.045224E-03
+8.490000E-03,+201.005023E-03,+210.804018E-03
+8.495000E-03,+198.994973E-03,+209.045224E-03
+8.500000E-03,+201.005023E-03,+209.045224E-03
+8.505000E-03,+198.994973E-03,+210.804018E-03
+8.510000E-03,+198.743716E-03,+209.045224E-03
+8.515000E-03,+198.743716E-03,+209.045224E-03
+8.520000E-03,+201.005023E-03,+209.045224E-03
+8.525000E-03,+201.005023E-03,+211.055274E-03
+8.530000E-03,+196.984923E-03,+209.045224E-03
+8.535000E-03,+201.005023E-03,+209.045224E-03
+8.540000E-03,+198.743716E-03,+209.045224E-03
+8.545000E-03,+201.005023E-03,+209.045224E-03
+8.550000E-03,+198.994973E-03,+209.045224E-03
+8.555000E-03,+201.005023E-03,+209.045224E-03
+8.560000E-03,+201.005023E-03,+209.045224E-03
+8.565000E-03,+201.005023E-03,+209.045224E-03
+8.570000E-03,+198.743716E-03,+209.045224E-03
+8.575000E-03,+201.005023E-03,+209.045224E-03
+8.580000E-03,+196.984923E-03,+209.045224E-03
+8.585000E-03,+196.984923E-03,+209.045224E-03
+8.590000E-03,+198.743716E-03,+209.045224E-03
+8.595000E-03,+196.984923E-03,+209.045224E-03
+8.600000E-03,+201.005023E-03,+209.045224E-03
+8.605000E-03,+201.005023E-03,+209.045224E-03
+8.610000E-03,+201.005023E-03,+209.045224E-03
+8.615000E-03,+198.743716E-03,+209.045224E-03
+8.620000E-03,+201.005023E-03,+209.045224E-03
+8.625000E-03,+196.984923E-03,+209.045224E-03
+8.630000E-03,+198.743716E-03,+209.045224E-03
+8.635000E-03,+198.743716E-03,+209.045224E-03
+8.640000E-03,+201.005023E-03,+209.045224E-03
+8.645000E-03,+201.005023E-03,+209.045224E-03
+8.650000E-03,+198.994973E-03,+206.783917E-03
+8.655000E-03,+198.743716E-03,+209.045224E-03
+8.660000E-03,+201.005023E-03,+209.045224E-03
+8.665000E-03,+198.743716E-03,+209.045224E-03
+8.670000E-03,+198.743716E-03,+209.045224E-03
+8.675000E-03,+196.984923E-03,+209.045224E-03
